-1.8087104, 49.3716992
-1.7960762, 49.3665013
-1.7795885, 49.3635388
-1.7615550, 49.3495624
-1.7206533, 49.3105750
-1.7113790, 49.3082248
-1.7077723, 49.3022926
-1.6995284, 49.2960238
-1.6959218, 49.2818042
-1.6878053, 49.2732369
-1.6799110, 49.2662083
-1.6708362, 49.2563219
-1.6504841, 49.2196714
-1.6328269, 49.2085981
-1.6197312, 49.2073084
-1.6233605, 49.2210169
-1.6123687, 49.2146256
-1.6085903, 49.2092990
-1.6044683, 49.2061027
-1.6053271, 49.2022333
-1.6085903, 49.1972979
-1.6049836, 49.1877623
-1.5988865, 49.1652621
-1.5964821, 49.1414041
-1.5960090, 49.1377963
-1.5949141, 49.1363363
-1.5925526, 49.1348903
-1.5955431, 49.1330090
-1.5971532, 49.1290777
-1.6007153, 49.1190093
-1.6076027, 49.1077589
-1.6106942, 49.0992738
-1.6099845, 49.0720385
-1.6098772, 49.0705484
-1.6092761, 49.0690021
-1.6082885, 49.0673151
-1.6071078, 49.0661060
-1.6071078, 49.0661201
-1.6064208, 49.0673010
-1.6058626, 49.0659092
-1.6049824, 49.0626615
-1.6048321, 49.0616773
-1.6048106, 49.0608337
-1.6056050, 49.0605666
-1.6033739, 49.0551812
-1.6022790, 49.0500624
-1.6005840, 49.0427348
-1.5992315, 49.0368411
-1.5986780, 49.0367567
-1.5966600, 49.0293427
-1.5959944, 49.0291598
-1.5954148, 49.0254876
-1.5944702, 49.0225750
-1.5927098, 49.0190149
-1.5908206, 49.0146664
-1.5896867, 49.0124287
-1.5879048, 49.0091775
-1.5861879, 49.0053490
-1.5841063, 49.0019284
-1.5823673, 49.0000280
-1.5799843, 48.9979867
-1.5776872, 48.9966352
-1.5745528, 48.9961283
-1.5726851, 48.9967619
-1.5693663, 48.9977614
-1.5671566, 49.0053912
-1.5699046, 49.0106835
-1.5614890, 49.0226735
-1.5566801, 49.0204221
-1.5595998, 49.0113590
-1.5595139, 49.0066299
-1.5558213, 49.0008304
-1.5600291, 48.9980148
-1.5621809, 48.9820196
-1.5627821, 48.9586934
-1.5630388, 48.9409942
-1.5639961, 48.9328190
-1.5556555, 48.9374424
-1.5520488, 48.9384572
-1.5547968, 48.9319732
-1.5613232, 48.9294357
-1.5654451, 48.9267289
-1.5661321, 48.9174232
-1.5681565, 48.9092441
-1.5710325, 48.8969728
-1.5745090, 48.8790825
-1.5794448, 48.8625409
-1.5877721, 48.8467564
-1.5920621, 48.8456267
-1.5935649, 48.8437344
-1.5956258, 48.8429719
-1.5971286, 48.8407688
-1.5988461, 48.8396390
-1.6005636, 48.8401474
-1.6054584, 48.8381420
-1.6087215, 48.8380855
-1.6118559, 48.8380855
-1.6130582, 48.8366166
-1.6147756, 48.8342156
-1.6129294, 48.8322664
-1.6099667, 48.8326619
-1.6064888, 48.8309104
-1.6041273, 48.8307409
-1.5986743, 48.8312776
-1.5957117, 48.8338766
-1.5915898, 48.8326619
-1.5914610, 48.8300346
-1.5873390, 48.8306279
-1.5834318, 48.8268139
-1.5846769, 48.8255990
-1.5833459, 48.8245254
-1.5805980, 48.8253165
-1.5775065, 48.8231691
-1.5756602, 48.8190155
-1.5744652, 48.8100572
-1.5731771, 48.8012386
-1.5721496, 48.7728503
-1.5745522, 48.7571224
-1.5751078, 48.7547741
-1.5746784, 48.7523408
-1.5725316, 48.7466533
-1.5703848, 48.7424367
-1.5660911, 48.7387575
-1.5602946, 48.7353045
-1.5528818, 48.7319928
-1.5419329, 48.7308605
-1.5333885, 48.7276051
-1.5302541, 48.7238966
-1.5225255, 48.7203010
-1.5200781, 48.7156858
-1.5173895, 48.7069356
-1.5191499, 48.6995434
-1.5027498, 48.6828292
-1.5023634, 48.6758019
-1.5323653, 48.6679518
-1.6129147, 48.6634168
-1.6814418, 48.6375597
-1.7384619, 48.6307530
-1.8313771, 48.6341565
-1.8423689, 48.6458400
-1.8286586, 48.6626231
-1.8142319, 48.6803075
-1.8248936, 48.6949263
-1.8430305, 48.7030839
-1.8415706, 48.7092578
-1.8428587, 48.7131090
-1.8439751, 48.7138453
-1.8454350, 48.7118064
-1.8493851, 48.7081817
-1.8559974, 48.7072188
-1.8608063, 48.7016111
-1.8697372, 48.7012145
-1.8699089, 48.6989486
-1.8786680, 48.6966259
-1.8801679, 48.6990619
-1.8839034, 48.6978156
-1.8872954, 48.7003648
-1.8910738, 48.6992035
-1.8972567, 48.6985804
-1.8965268, 48.6947564
-1.9067887, 48.6912720
-1.9142167, 48.6927734
-1.9162169, 48.6968809
-1.9189827, 48.6971075
-1.9203567, 48.6935666
-1.9316491, 48.6944164
-1.9328084, 48.7015544
-1.9367585, 48.7026307
-1.9385290, 48.6947564
-1.9443584, 48.6921502
-1.9533751, 48.6929717
-1.9540621, 48.6948697
-1.9553502, 48.6926884
-1.9589569, 48.6901955
-1.9585275, 48.6878157
-1.9560801, 48.6865975
-1.9528598, 48.6877591
-1.9473639, 48.6877874
-1.9456894, 48.6861442
-1.9431991, 48.6860025
-1.9482227, 48.6831126
-1.9510994, 48.6836509
-1.9542768, 48.6823476
-1.9547920, 48.6814125
-1.9605794, 48.6808458
-1.9632844, 48.6831976
-1.9618246, 48.6849826
-1.9622969, 48.6871358
-1.9645725, 48.6876174
-1.9678357, 48.6871075
-1.9705407, 48.6869091
-1.9707125, 48.6856342
-1.9713136, 48.6846142
-1.9753497, 48.6833676
-1.9763801, 48.6849542
-1.9789134, 48.6848976
-1.9792140, 48.6833109
-1.9824342, 48.6826876
-1.9868138, 48.6824892
-1.9877584, 48.6841892
-1.9893900, 48.6842742
-1.9914509, 48.6830559
-1.9904205, 48.6809308
-1.9875866, 48.6778989
-1.9871143, 48.6769354
-1.9835076, 48.6765671
-1.9826489, 48.6749518
-1.9837653, 48.6719479
-1.9886601, 48.6667330
-1.9902917, 48.6664496
-1.9902917, 48.6654292
-1.9909786, 48.6635302
-2.0003389, 48.6593066
-2.0122324, 48.6538070
-2.0227519, 48.6531833
-2.0221078, 48.6546858
-2.0232242, 48.6568687
-2.0285913, 48.6513405
-2.0290206, 48.6453296
-2.0319833, 48.6420119
-2.0311245, 48.6377299
-2.0312338, 48.6340998
-2.0258237, 48.6334191
-2.0230592, 48.6346670
-2.0211270, 48.6330220
-2.0227157, 48.6327101
-2.0218140, 48.6315188
-2.0199248, 48.6314621
-2.0199248, 48.6314621
-2.0196768, 48.6296894
-2.0187321, 48.6293774
-2.0181740, 48.6283988
-2.0186892, 48.6281861
-2.0176373, 48.6278883
-2.0157266, 48.6280443
-2.0142667, 48.6274628
-2.0137085, 48.6257609
-2.0154475, 48.6219597
-2.0180022, 48.6203852
-2.0186892, 48.6191795
-2.0283715, 48.6178036
-2.0303680, 48.6192221
-2.0302177, 48.6213072
-2.0293590, 48.6237469
-2.0328154, 48.6273493
-2.0357351, 48.6261296
-2.0363362, 48.6266402
-2.0446874, 48.6256758
-2.0485517, 48.6257609
-2.0498398, 48.6248815
-2.0544770, 48.6270941
-2.0507035, 48.6310792
-2.0476121, 48.6355887
-2.0456370, 48.6369642
-2.0473115, 48.6398851
-2.0499736, 48.6390344
-2.0506821, 48.6372903
-2.0554051, 48.6376873
-2.0560492, 48.6411896
-2.0622535, 48.6411471
-2.0645721, 48.6395874
-2.0709482, 48.6398710
-2.0770023, 48.6417426
-2.0789774, 48.6411329
-2.0812960, 48.6399844
-2.0817039, 48.6371911
-2.0846451, 48.6372052
-2.0853535, 48.6361134
-2.0847095, 48.6358156
-2.0907206, 48.6351066
-2.0954007, 48.6350215
-2.1000808, 48.6409486
-2.1004887, 48.6399277
-2.1055124, 48.6405090
-2.1066502, 48.6442804
-2.1105145, 48.6438267
-2.1113088, 48.6489305
-2.1134127, 48.6483493
-2.1145291, 48.6451595
-2.1193380, 48.6420545
-2.1188442, 48.6404807
-2.1311671, 48.6383112
-2.1335930, 48.6416008
-2.1348382, 48.6376164
-2.1385307, 48.6365104
-2.1411499, 48.6371769
-2.1422448, 48.6350215
-2.1471181, 48.6348797
-2.1499519, 48.6366948
-2.1518197, 48.6360850
-2.1532581, 48.6340147
-2.1555337, 48.6308665
-2.1561134, 48.6287108
-2.1530219, 48.6280301
-2.1518631, 48.6253070
-2.1540958, 48.6252503
-2.1560709, 48.6203143
-2.1595917, 48.6150941
-2.1687802, 48.6108949
-2.1673956, 48.6045103
-2.1719898, 48.5965071
-2.1690701, 48.5933566
-2.1600534, 48.5882188
-2.1698001, 48.5841593
-2.1814359, 48.5914832
-2.1811354, 48.6090506
-2.1944458, 48.6145835
-2.1834540, 48.6293916
-2.1850426, 48.6321428
-2.2018738, 48.6286825
-2.2077562, 48.6217327
-2.2083144, 48.6167964
-2.2004140, 48.6034887
-2.1951757, 48.5905181
-2.2055235, 48.5840173
-2.2137244, 48.5931579
-2.2235999, 48.5946338
-2.2215902, 48.6024671
-2.2263991, 48.6113489
-2.2418993, 48.6180447
-2.2381638, 48.6258176
-2.2399242, 48.6255056
-2.2508301, 48.6344685
-2.2435309, 48.6380418
-2.2390225, 48.6464921
-2.2557249, 48.6482784
-2.2591599, 48.6461519
-2.2714398, 48.6425224
-2.2740589, 48.6403672
-2.2735866, 48.6385523
-2.2768069, 48.6372761
-2.2863236, 48.6327951
-2.2979165, 48.6263849
-2.3126868, 48.6114624
-2.3200719, 48.6174206
-2.3294321, 48.6201441
-2.3196426, 48.6279734
-2.3054734, 48.6406792
-2.3085649, 48.6419836
-2.2986894, 48.6507734
-2.2967743, 48.6551394
-2.2863836, 48.6628499
-2.2829487, 48.6695389
-2.3013685, 48.6688587
-2.3129185, 48.6736482
-2.3100418, 48.6809308
-2.3178563, 48.6885240
-2.3277747, 48.6830276
-2.3294492, 48.6762270
-2.3355892, 48.6719762
-2.3478691, 48.6664496
-2.3558124, 48.6636152
-2.3648291, 48.6566136
-2.3693375, 48.6583995
-2.3750481, 48.6580593
-2.3750051, 48.6553379
-2.3835925, 48.6539771
-2.3879291, 48.6533250
-2.3933821, 48.6492141
-2.3948419, 48.6462086
-2.4090969, 48.6451311
-2.4150222, 48.6484202
-2.4169114, 48.6491857
-2.4252841, 48.6514255
-2.4207758, 48.6551394
-2.4272163, 48.6592783
-2.4321111, 48.6565285
-2.4394962, 48.6549693
-2.4408272, 48.6594484
-2.4467525, 48.6541189
-2.4530213, 48.6579743
-2.4584743, 48.6511987
-2.4673622, 48.6515106
-2.4715700, 48.6504332
-2.4743609, 48.6471726
-2.4804579, 48.6457549
-2.4850521, 48.6482217
-2.4887447, 48.6452162
-2.4890882, 48.6416717
-2.4852239, 48.6390344
-2.4848374, 48.6378717
-2.4808443, 48.6346103
-2.4780964, 48.6296185
-2.4793415, 48.6256474
-2.4888306, 48.6183568
-2.4955287, 48.6170801
-2.4952711, 48.6133067
-2.5204750, 48.6039427
-2.5532787, 48.6001967
-2.5566707, 48.6054468
-2.5653869, 48.6070926
-2.5668467, 48.6053333
-2.5585599, 48.6017008
-2.5580017, 48.5948893
-2.5680489, 48.5847554
-2.5721709, 48.5820868
-2.5789978, 48.5745628
-2.6000369, 48.5611019
-2.6054898, 48.5591705
-2.6122424, 48.5512737
-2.6263256, 48.5430916
-2.6340543, 48.5376361
-2.6345695, 48.5305886
-2.6342260, 48.5268371
-2.6572401, 48.5280877
-2.6623925, 48.5333168
-2.6689189, 48.5361585
-2.6814565, 48.5330895
-2.6762481, 48.5121695
-2.7032983, 48.5141027
-2.7093095, 48.5312138
-2.7156641, 48.5500238
-2.7096530, 48.5545121
-2.7296615, 48.5621243
-2.7710526, 48.5766071
-2.7784377, 48.5854651
-2.7993909, 48.5946054
-2.8123815, 48.5940662
-2.8191226, 48.6000832
-2.8152583, 48.6010481
-2.8194232, 48.6067237
-2.8129397, 48.6091073
-2.8116516, 48.6144700
-2.8186074, 48.6276897
-2.8143996, 48.6361985
-2.8207971, 48.6421821
-2.8149577, 48.6472293
-2.8173622, 48.6501213
-2.8219994, 48.6498945
-2.8263789, 48.6565002
-2.8358680, 48.6580310
-2.8396893, 48.6638987
-2.8441548, 48.6669314
-2.8502512, 48.6695956
-2.8584950, 48.6761703
-2.8609854, 48.6759436
-2.8619300, 48.6739033
-2.8693151, 48.6756603
-2.8845147, 48.6841042
-2.8823679, 48.6900538
-2.8875203, 48.7003082
-2.8949054, 48.7050664
-2.8988934, 48.7011296
-2.9094129, 48.7055479
-2.9277899, 48.7151761
-2.9292068, 48.7213769
-2.9349174, 48.7198197
-2.9419590, 48.7280864
-2.9361625, 48.7305775
-2.9336722, 48.7379933
-2.9352179, 48.7403424
-2.9395116, 48.7406537
-2.9407138, 48.7447573
-2.9377941, 48.7467382
-2.9283480, 48.7527652
-2.9270170, 48.7551419
-2.9333287, 48.7585653
-2.9409714, 48.7581975
-2.9498594, 48.7660336
-2.9483136, 48.7689754
-2.9474549, 48.7748867
-2.9396404, 48.7790157
-2.9464244, 48.7810801
-2.9598636, 48.7804579
-2.9714136, 48.7758765
-2.9886410, 48.7866223
-3.0398160, 48.7835685
-3.0418642, 48.7871878
-3.0255477, 48.7905807
-3.0190104, 48.7975920
-3.0053057, 48.7995143
-3.0030678, 48.8040370
-3.0106247, 48.8109333
-2.9845191, 48.8241581
-3.0358317, 48.8238190
-3.0650287, 48.8223498
-3.0755053, 48.8181678
-3.0890733, 48.8051676
-3.0935388, 48.7946519
-3.0964585, 48.7796095
-3.0947410, 48.8046023
-3.0648570, 48.8329726
-3.0571284, 48.8475471
-3.0255269, 48.8650535
-3.0427016, 48.8985810
-3.0518042, 48.9025305
-3.0895886, 48.8924867
-3.1091677, 48.8819894
-3.1213618, 48.8718286
-3.1754622, 48.8566964
-3.1890302, 48.8463045
-3.1973963, 48.8326901
-3.2008312, 48.8174331
-3.2004019, 48.8144942
-3.2139699, 48.8033021
-3.2224714, 48.7975920
-3.2236736, 48.7909766
-3.2199810, 48.7863396
-3.2268509, 48.7915420
-3.2247900, 48.7992316
-3.2210974, 48.8004189
-3.2048673, 48.8141550
-3.2019476, 48.8257968
-3.1971387, 48.8433108
-3.1718918, 48.8709817
-3.1888089, 48.8808041
-3.2015182, 48.8775866
-3.2095045, 48.8725625
-3.2242747, 48.8749335
-3.2497792, 48.8669732
-3.2611145, 48.8592376
-3.2710758, 48.8524608
-3.2824970, 48.8641501
-3.2876494, 48.8660699
-3.2965803, 48.8544375
-3.3103201, 48.8563011
-3.3167606, 48.8496934
-3.3106635, 48.8424635
-3.3049958, 48.8389894
-3.3170181, 48.8415879
-3.3214406, 48.8476601
-3.3311014, 48.8449206
-3.3366831, 48.8397520
-3.3401610, 48.8370968
-3.3488772, 48.8313906
-3.3535573, 48.8278875
-3.3529132, 48.8246384
-3.3588385, 48.8239038
-3.3680270, 48.8307409
-3.3780313, 48.8333681
-3.3879926, 48.8252600
-3.3956353, 48.8166136
-3.3897530, 48.8129116
-3.3907406, 48.8068069
-3.3918423, 48.8031607
-3.4199229, 48.8020866
-3.4339203, 48.8004471
-3.4422930, 48.8019170
-3.4384716, 48.8031042
-3.4349938, 48.8071178
-3.4368830, 48.8110181
-3.4302707, 48.8151159
-3.4258482, 48.8160767
-3.4263736, 48.8217281
-3.4296368, 48.8218412
-3.4418309, 48.8208805
-3.4480996, 48.8194676
-3.4584045, 48.8185634
-3.4580610, 48.8196372
-3.4658165, 48.8235647
-3.4677916, 48.8287915
-3.4705825, 48.8283678
-3.4722570, 48.8324924
-3.4760354, 48.8381985
-3.4824760, 48.8390458
-3.4878860, 48.8357692
-3.4905051, 48.8336788
-3.4915786, 48.8314471
-3.4911492, 48.8293283
-3.4922939, 48.8296391
-3.4923368, 48.8329726
-3.4895674, 48.8363483
-3.4918001, 48.8378030
-3.4965661, 48.8386645
-3.5046158, 48.8405005
-3.5073423, 48.8419268
-3.5095965, 48.8415173
-3.5112496, 48.8396390
-3.5119151, 48.8378736
-3.5157546, 48.8398932
-3.5186743, 48.8407406
-3.5201726, 48.8376053
-3.5263984, 48.8380290
-3.5284165, 48.8377748
-3.5331825, 48.8362212
-3.5376479, 48.8341026
-3.5376561, 48.8291588
-3.5452130, 48.8300346
-3.5530704, 48.8293566
-3.5555178, 48.8226888
-3.5520829, 48.8182526
-3.5504083, 48.8136181
-3.5653927, 48.8156528
-3.5767709, 48.8131377
-3.5807211, 48.8079092
-3.5880633, 48.8077679
-3.5925717, 48.8033021
-3.6013737, 48.8054502
-3.6129237, 48.8064395
-3.6140830, 48.7975072
-3.6130525, 48.7944540
-3.6053239, 48.7925316
-3.5963501, 48.7886299
-3.5969083, 48.7827202
-3.5966077, 48.7802600
-3.5939027, 48.7753675
-3.5932162, 48.7735291
-3.5927009, 48.7727372
-3.5913699, 48.7736140
-3.5880208, 48.7731049
-3.5872479, 48.7721715
-3.5897168, 48.7700785
-3.5916490, 48.7681127
-3.5969302, 48.7722139
-3.6042080, 48.7720160
-3.6022544, 48.7669812
-3.5911116, 48.7658356
-3.5855298, 48.7667125
-3.5802057, 48.7616772
-3.5860021, 48.7599798
-3.5845183, 48.7571507
-3.5814269, 48.7564151
-3.5614184, 48.7550005
-3.5522299, 48.7346818
-3.5468585, 48.7309171
-3.5367683, 48.7343138
-3.5250037, 48.7318230
-3.5221378, 48.7321980
-3.5196366, 48.7335496
-3.5185202, 48.7328986
-3.5209348, 48.7315328
-3.5238003, 48.7308039
-3.5271076, 48.7309738
-3.5296838, 48.7319928
-3.5358523, 48.7332807
-3.5379522, 48.7330118
-3.5397381, 48.7324174
-3.5397166, 48.7309738
-3.5397596, 48.7293178
-3.5446651, 48.7289286
-3.5525655, 48.7284049
-3.5541756, 48.7294381
-3.5577071, 48.7295938
-3.5645878, 48.7321768
-3.5664877, 48.7313913
-3.5661335, 48.7285606
-3.5776175, 48.7252555
-3.5772310, 48.7287658
-3.5800863, 48.7306482
-3.5842727, 48.7338185
-3.5874285, 48.7321768
-3.5837574, 48.7280015
-3.5830146, 48.7277184
-3.5809858, 48.7279802
-3.5808892, 48.7275839
-3.5817694, 48.7271451
-3.5842597, 48.7261897
-3.5866320, 48.7272654
-3.5885641, 48.7274424
-3.5915268, 48.7253829
-3.5912799, 48.7232454
-3.5882743, 48.7224385
-3.5845495, 48.7237267
-3.5850326, 48.7214830
-3.5862778, 48.7194233
-3.5856444, 48.7156858
-3.5832829, 48.7132294
-3.5838948, 48.7109073
-3.5836693, 48.7084578
-3.5854083, 48.7064116
-3.5839055, 48.7047832
-3.5821129, 48.7017031
-3.5818767, 48.7003223
-3.5813293, 48.6984317
-3.5822954, 48.6953654
-3.5830468, 48.6932763
-3.5853868, 48.6911870
-3.5852687, 48.6894802
-3.5742680, 48.6864842
-3.5686648, 48.6849401
-3.5806012, 48.6722879
-3.5890383, 48.6722313
-3.6077373, 48.6707292
-3.6127609, 48.6768504
-3.6131044, 48.6836934
-3.6138772, 48.6867958
-3.6199957, 48.6856342
-3.6218205, 48.6878157
-3.6274023, 48.6858325
-3.6290983, 48.6839767
-3.6355900, 48.6828009
-3.6388102, 48.6758586
-3.6428892, 48.6806758
-3.6467965, 48.6800241
-3.6533658, 48.6826309
-3.6415582, 48.6930567
-3.6395831, 48.6999966
-3.6423310, 48.7005065
-3.6480416, 48.6964560
-3.6552121, 48.6980422
-3.6657745, 48.6983821
-3.6647011, 48.6946714
-3.6748771, 48.6907054
-3.6834216, 48.6907621
-3.6878440, 48.6927734
-3.6985353, 48.6925468
-3.7045894, 48.6977306
-3.7087113, 48.7001382
-3.7157530, 48.7053496
-3.7218070, 48.7078985
-3.7352033, 48.7098242
-3.7447353, 48.7097958
-3.7538808, 48.7103622
-3.7650873, 48.7105604
-3.7790847, 48.7101073
-3.7813174, 48.7093711
-3.7928674, 48.7078985
-3.7931251, 48.7105888
-3.8005102, 48.7148363
-3.8103856, 48.7167051
-3.8037304, 48.7228208
-3.8133483, 48.7243779
-3.8233955, 48.7199329
-3.8244260, 48.7157424
-3.8303083, 48.7157141
-3.8386810, 48.7122878
-3.8452503, 48.7066524
-3.8434040, 48.7046133
-3.8411713, 48.6982122
-3.8465814, 48.6972774
-3.8493722, 48.6984671
-3.8553834, 48.6979006
-3.8585607, 48.6904505
-3.8564139, 48.6839059
-3.8539235, 48.6769638
-3.8525496, 48.6755469
-3.8558986, 48.6751785
-3.8644860, 48.6780689
-3.8727299, 48.6770771
-3.8766800, 48.6725146
-3.8647866, 48.6693405
-3.8612228, 48.6592499
-3.8589901, 48.6470876
-3.8510038, 48.6321428
-3.8486683, 48.6285123
-3.8544580, 48.6224136
-3.8550591, 48.6178178
-3.8596963, 48.6136188
-3.8529122, 48.6073196
-3.8439814, 48.6005656
-3.8401171, 48.5969328
-3.8390007, 48.5914832
-3.8381037, 48.5893826
-3.8390268, 48.5891981
-3.8411522, 48.5937114
-3.8410663, 48.5968193
-3.8453600, 48.6002818
-3.8505554, 48.6041981
-3.8610534, 48.6125264
-3.8611822, 48.6147537
-3.8562445, 48.6200164
-3.8560727, 48.6255481
-3.8507056, 48.6277323
-3.8579405, 48.6360425
-3.8701345, 48.6392754
-3.8835308, 48.6427634
-3.8966171, 48.6496961
-3.9041740, 48.6604122
-3.8898331, 48.6670448
-3.8902625, 48.6706725
-3.8985922, 48.6737332
-3.9061491, 48.6708993
-3.9131907, 48.6741300
-3.9205759, 48.6766804
-3.9163681, 48.6848409
-3.9191160, 48.6898839
-3.9224651, 48.6991186
-3.9277034, 48.7020642
-3.9305372, 48.7025741
-3.9368060, 48.6961161
-3.9354320, 48.6870508
-3.9332852, 48.6784373
-3.9268446, 48.6735632
-3.9381799, 48.6650608
-3.9502881, 48.6541189
-3.9531219, 48.6482217
-3.9509751, 48.6447058
-3.9533796, 48.6448192
-3.9554405, 48.6491857
-3.9467673, 48.6596751
-3.9404985, 48.6856909
-3.9466814, 48.7034804
-3.9694379, 48.7058594
-3.9635985, 48.7147514
-3.9623963, 48.7195082
-3.9685792, 48.7371726
-4.0048585, 48.7543214
-4.0328139, 48.7563019
-4.0445786, 48.7466816
-4.0216503, 48.7373424
-3.9913369, 48.7358140
-4.0176143, 48.7311153
-4.0392544, 48.7199612
-4.0764377, 48.7077852
-4.0797867, 48.7078418
-4.0720581, 48.7020642
-4.0628696, 48.7007614
-4.0616674, 48.6943598
-4.0740332, 48.6916403
-4.0815042, 48.6966259
-4.1309674, 48.6997984
-4.1356332, 48.6986087
-4.1540102, 48.7013845
-4.1726447, 48.6913570
-4.1886601, 48.6880424
-4.2057490, 48.6852659
-4.2077241, 48.6775305
-4.2174707, 48.6738466
-4.2259722, 48.6712110
-4.2383809, 48.6647490
-4.2319834, 48.6553662
-4.2605793, 48.6546575
-4.2752986, 48.6558765
-4.2792488, 48.6475412
-4.3023487, 48.6412463
-4.3087893, 48.6447058
-4.2984844, 48.6529281
-4.2930744, 48.6619428
-4.2949636, 48.6651175
-4.3124818, 48.6732231
-4.3245041, 48.6750935
-4.3455432, 48.6820642
-4.3743967, 48.6774738
-4.3916573, 48.6665913
-4.4233446, 48.6639837
-4.4503948, 48.6637569
-4.4458435, 48.6506600
-4.4643063, 48.6398851
-4.4887803, 48.6275763
-4.5014896, 48.6333057
-4.5217558, 48.6367657
-4.5370412, 48.6376164
-4.5481189, 48.6388075
-4.5694156, 48.6414732
-4.5860751, 48.6340431
-4.5962940, 48.6251368
-4.5988702, 48.6199739
-4.5821249, 48.6125406
-4.5734516, 48.6045387
-4.5603130, 48.6014738
-4.5397033, 48.5999413
-4.5397033, 48.5967625
-4.5605706, 48.5986357
-4.5839282, 48.5959111
-4.5793769, 48.6022684
-4.5855598, 48.6074899
-4.6103773, 48.6164560
-4.6251475, 48.6095897
-4.6366546, 48.6025522
-4.6254910, 48.5897800
-4.6190505, 48.5847270
-4.6121806, 48.5783107
-4.6221947, 48.5764936
-4.6240840, 48.5802698
-4.6295799, 48.5813486
-4.6537962, 48.5780552
-4.6618683, 48.5829669
-4.6705416, 48.5864304
-4.6835944, 48.5823139
-4.6921388, 48.5766639
-4.7013702, 48.5777429
-4.7109022, 48.5694514
-4.7047620, 48.5638284
-4.7059228, 48.5591137
-4.7106456, 48.5580059
-4.7157111, 48.5612723
-4.7226070, 48.5608178
-4.7283862, 48.5594261
-4.7383904, 48.5494840
-4.7529889, 48.5449384
-4.7583131, 48.5349366
-4.7741568, 48.5318106
-4.7788798, 48.5299350
-4.7792233, 48.5246770
-4.7824865, 48.5190206
-4.7788798, 48.5133067
-4.7813702, 48.5036399
-4.7799532, 48.4917244
-4.7823148, 48.4880553
-4.7767759, 48.4829069
-4.7740709, 48.4788104
-4.7670722, 48.4725799
-4.7574114, 48.4693931
-4.7541053, 48.4723522
-4.7456468, 48.4722384
-4.7533754, 48.4707873
-4.7562092, 48.4681696
-4.7616192, 48.4695923
-4.7732551, 48.4685395
-4.7712371, 48.4637305
-4.7749726, 48.4591772
-4.7760460, 48.4545950
-4.7788798, 48.4549366
-4.7851915, 48.4465396
-4.7905586, 48.4385969
-4.7861791, 48.4315925
-4.7929631, 48.4217392
-4.7964839, 48.4120834
-4.7853633, 48.4044202
-4.7780640, 48.4051894
-4.7756166, 48.4002035
-4.7775059, 48.3918545
-4.7706753, 48.3837036
-4.7652051, 48.3838034
-4.7648617, 48.3818082
-4.7669870, 48.3811669
-4.7665577, 48.3797560
-4.7626933, 48.3784733
-4.7656560, 48.3730001
-4.7743936, 48.3659297
-4.7785383, 48.3650743
-4.7806839, 48.3661720
-4.7875537, 48.3702775
-4.7890136, 48.3666710
-4.7862227, 48.3658156
-4.7876354, 48.3638340
-4.7904520, 48.3626080
-4.7901085, 48.3613819
-4.7857933, 48.3606120
-4.7784726, 48.3619806
-4.7666485, 48.3634491
-4.7671422, 48.3619236
-4.7777905, 48.3614817
-4.7830074, 48.3596852
-4.7818481, 48.3538393
-4.7784561, 48.3511014
-4.7754475, 48.3514009
-4.7736686, 48.3485773
-4.7726381, 48.3456110
-4.7740765, 48.3444844
-4.7744415, 48.3413467
-4.7767386, 48.3357554
-4.7729172, 48.3341720
-4.7762878, 48.3316899
-4.7724449, 48.3288938
-4.7649739, 48.3275813
-4.7629344, 48.3275099
-4.7635355, 48.3248705
-4.7613028, 48.3249276
-4.7598283, 48.3272674
-4.7518782, 48.3285086
-4.7455450, 48.3292362
-4.7366786, 48.3321892
-4.7303025, 48.3295785
-4.7218868, 48.3292790
-4.7183875, 48.3288652
-4.7097787, 48.3306342
-4.7072239, 48.3313332
-4.7064405, 48.3338867
-4.7036172, 48.3354415
-4.6960174, 48.3367539
-4.6989801, 48.3403483
-4.6985936, 48.3420883
-4.7003540, 48.3426018
-4.6996671, 48.3444273
-4.6976705, 48.3464667
-4.6947898, 48.3509160
-4.6843347, 48.3526130
-4.6763914, 48.3525844
-4.6690492, 48.3515435
-4.6610630, 48.3495613
-4.6547083, 48.3463241
-4.6509943, 48.3447696
-4.6435018, 48.3442276
-4.6409471, 48.3449122
-4.6375121, 48.3428014
-4.6332399, 48.3416747
-4.6327462, 48.3403625
-4.6305779, 48.3383942
-4.6295688, 48.3366397
-4.6187273, 48.3382801
-4.6171601, 48.3386509
-4.6150991, 48.3359551
-4.6137252, 48.3360977
-4.6133173, 48.3378664
-4.6089592, 48.3375812
-4.6044294, 48.3392928
-4.5996848, 48.3408332
-4.5962070, 48.3435431
-4.5901099, 48.3445557
-4.5892083, 48.3457251
-4.5806638, 48.3479784
-4.5721624, 48.3487913
-4.5655501, 48.3516148
-4.5657433, 48.3536111
-4.5634680, 48.3561492
-4.5590237, 48.3539961
-4.5551809, 48.3577034
-4.5503934, 48.3582452
-4.5473449, 48.3599561
-4.5415818, 48.3579600
-4.5380610, 48.3569620
-4.5328656, 48.3571901
-4.5302894, 48.3621517
-4.5243212, 48.3641477
-4.5189970, 48.3619236
-4.4909593, 48.3679397
-4.4852916, 48.3690801
-4.4832736, 48.3765492
-4.4540766, 48.3811669
-4.4475931, 48.3791716
-4.4417108, 48.3792001
-4.4351844, 48.3830766
-4.4330376, 48.3885202
-4.4301179, 48.3890047
-4.4273270, 48.3945616
-4.4137590, 48.3914840
-4.4087353, 48.3889762
-4.4022948, 48.3892327
-4.3916036, 48.3961289
-4.3840896, 48.3954735
-4.3715092, 48.4004314
-4.3613761, 48.4078674
-4.3475934, 48.4058731
-4.3365121, 48.4123398
-4.3159352, 48.4174670
-4.3321722, 48.4102603
-4.3445809, 48.4033945
-4.3544134, 48.4028532
-4.3652335, 48.3991207
-4.3815924, 48.3927094
-4.3979513, 48.3861832
-4.4072686, 48.3818510
-4.4161565, 48.3717315
-4.4304974, 48.3660865
-4.4372814, 48.3602698
-4.4373168, 48.3559353
-4.4414892, 48.3537680
-4.4450530, 48.3493189
-4.4445377, 48.3447553
-4.4420904, 48.3435859
-4.4414801, 48.3418744
-4.4428632, 48.3404766
-4.4500810, 48.3364543
-4.4499951, 48.3301207
-4.4594412, 48.3273815
-4.4486211, 48.3246993
-4.4406349, 48.3264685
-4.4200252, 48.3321749
-4.4117814, 48.3374813
-4.4083468, 48.3352561
-4.4176208, 48.3247564
-4.4043962, 48.3229301
-4.3855041, 48.3241286
-4.3759721, 48.3250988
-4.3673847, 48.3337155
-4.3661825, 48.3409045
-4.3607861, 48.3464097
-4.3591116, 48.3432721
-4.3529287, 48.3419885
-4.3467029, 48.3418744
-4.3401765, 48.3449835
-4.3320185, 48.3504597
-4.3274243, 48.3514009
-4.3326196, 48.3462671
-4.3309451, 48.3394782
-4.3299575, 48.3386509
-4.3268968, 48.3407334
-4.3231306, 48.3405622
-4.3184423, 48.3424449
-4.3139850, 48.3419599
-4.3001147, 48.3434147
-4.2979678, 48.3456396
-4.2927415, 48.3478358
-4.2847982, 48.3465523
-4.2893495, 48.3424163
-4.2996891, 48.3381660
-4.3068677, 48.3382801
-4.3216809, 48.3347996
-4.3235701, 48.3331449
-4.3221335, 48.3321464
-4.3191715, 48.3332590
-4.3163568, 48.3309481
-4.3234843, 48.3281234
-4.3230120, 48.3256980
-4.3198346, 48.3254127
-4.3203928, 48.3232155
-4.3243001, 48.3239004
-4.3278843, 48.3200480
-4.3290660, 48.3207614
-4.3320462, 48.3184213
-4.3361077, 48.3169944
-4.3397144, 48.3129702
-4.3325010, 48.3127419
-4.3259959, 48.3142831
-4.3176019, 48.3134839
-4.3091434, 48.3139977
-4.2971211, 48.3115716
-4.2925268, 48.3109437
-4.2885515, 48.3127133
-4.2859985, 48.3150965
-4.2833539, 48.3166662
-4.2787596, 48.3188922
-4.2775237, 48.3205331
-4.2717609, 48.3190063
-4.2681113, 48.3199481
-4.2668232, 48.3196342
-4.2741010, 48.3178363
-4.2823234, 48.3144971
-4.2830319, 48.3128703
-4.2771925, 48.3102159
-4.2726412, 48.3081037
-4.2654707, 48.3078182
-4.2598245, 48.3060199
-4.2557241, 48.3053348
-4.2549512, 48.3038219
-4.2519886, 48.3020234
-4.2511728, 48.3022946
-4.2510439, 48.3022518
-4.2496914, 48.3014382
-4.2501208, 48.3006531
-4.2499061, 48.2993684
-4.2483604, 48.2984120
-4.2453548, 48.2991115
-4.2465356, 48.3010385
-4.2482960, 48.3022090
-4.2452627, 48.3053205
-4.2392516, 48.3034365
-4.2365036, 48.3014667
-4.2392086, 48.2991258
-4.2352155, 48.2989545
-4.2315169, 48.2978410
-4.2294620, 48.2962422
-4.2241778, 48.2965420
-4.2227932, 48.2956855
-4.2145279, 48.2971130
-4.2066490, 48.2973414
-4.2050603, 48.2966419
-4.2009185, 48.2974128
-4.1973532, 48.2964706
-4.1943740, 48.2973985
-4.1918573, 48.2969703
-4.1887229, 48.2950859
-4.1994571, 48.2942151
-4.2028276, 48.2942151
-4.2105348, 48.2914883
-4.2160269, 48.2904176
-4.2245016, 48.2892754
-4.2291655, 48.2923592
-4.2403291, 48.2924163
-4.2415390, 48.2919166
-4.2390256, 48.2902034
-4.2452454, 48.2865055
-4.2493888, 48.2851205
-4.2587060, 48.2814365
-4.2632746, 48.2800943
-4.2680877, 48.2797801
-4.2745076, 48.2810796
-4.2757957, 48.2855346
-4.2794024, 48.2866197
-4.2819786, 48.2849635
-4.2805187, 48.2790233
-4.2638592, 48.2705116
-4.2535098, 48.2677121
-4.2496042, 48.2646268
-4.2447953, 48.2578271
-4.2390147, 48.2531411
-4.2279800, 48.2573985
-4.2242009, 48.2601985
-4.2178040, 48.2606557
-4.2139001, 48.2596557
-4.2120075, 48.2577985
-4.2097372, 48.2509693
-4.2052235, 48.2481402
-4.1935447, 48.2500835
-4.1785597, 48.2483117
-4.1593241, 48.2469685
-4.1537756, 48.2471972
-4.1506079, 48.2464255
-4.1416341, 48.2400235
-4.1431798, 48.2391947
-4.1522395, 48.2446251
-4.1782592, 48.2458254
-4.1849144, 48.2472543
-4.2022609, 48.2456825
-4.2101612, 48.2475115
-4.2175464, 48.2583128
-4.2196503, 48.2587414
-4.2260908, 48.2530839
-4.2314528, 48.2507693
-4.2375120, 48.2512551
-4.2423109, 48.2519981
-4.2450998, 48.2539126
-4.2519670, 48.2593700
-4.2565759, 48.2655696
-4.2712603, 48.2708829
-4.2809640, 48.2752532
-4.2866317, 48.2813652
-4.2854837, 48.2850777
-4.2828103, 48.2883045
-4.2803337, 48.2894182
-4.2772285, 48.2895038
-4.2740676, 48.2885615
-4.2718614, 48.2866197
-4.2698004, 48.2840782
-4.2654209, 48.2835356
-4.2609984, 48.2925305
-4.2713032, 48.2961566
-4.2875333, 48.2990401
-4.3067261, 48.2982978
-4.3256183, 48.2918167
-4.3383545, 48.2880190
-4.3532266, 48.2867054
-4.3655495, 48.2788805
-4.3720329, 48.2782807
-4.3844417, 48.2755102
-4.4013158, 48.2757958
-4.4100674, 48.2783664
-4.4156567, 48.2844780
-4.4182082, 48.2944435
-4.4263553, 48.2914169
-4.4383346, 48.2928446
-4.4460738, 48.2916168
-4.4489498, 48.2923021
-4.4519027, 48.2927589
-4.4552757, 48.2929160
-4.4578090, 48.2931301
-4.4604710, 48.2948147
-4.4636269, 48.2938154
-4.4647619, 48.2925591
-4.4669545, 48.2922307
-4.4671302, 48.2917524
-4.4665290, 48.2919951
-4.4645003, 48.2920665
-4.4640494, 48.2912028
-4.4654699, 48.2896466
-4.4683324, 48.2883402
-4.4792017, 48.2860129
-4.4830968, 48.2848778
-4.4886446, 48.2835641
-4.4942174, 48.2830215
-4.5015513, 48.2820791
-4.5085070, 48.2841353
-4.5040846, 48.2869910
-4.5106968, 48.2906460
-4.5150334, 48.2911885
-4.5149476, 48.2934442
-4.5173520, 48.2944435
-4.5146041, 48.2949003
-4.5106968, 48.2962993
-4.5123284, 48.2970987
-4.5073478, 48.3009814
-4.5041232, 48.2994684
-4.4966093, 48.3053491
-4.4952782, 48.3092882
-4.4995290, 48.3110864
-4.5069141, 48.3109152
-4.5112614, 48.3075756
-4.5141704, 48.3042358
-4.5183782, 48.2986404
-4.5260959, 48.2954999
-4.5263535, 48.2917596
-4.5239061, 48.2915597
-4.5267399, 48.2879904
-4.5353273, 48.2865055
-4.5378176, 48.2887614
-4.5336957, 48.2912171
-4.5388481, 48.2940152
-4.5410866, 48.2910172
-4.5458419, 48.2921593
-4.5527976, 48.2957854
-4.5554597, 48.3004390
-4.5548156, 48.3045783
-4.5498350, 48.3053205
-4.5472158, 48.3101445
-4.5447255, 48.3141975
-4.5451119, 48.3166519
-4.5433515, 48.3202763
-4.5447255, 48.3246137
-4.5381991, 48.3306913
-4.5315439, 48.3395353
-4.5325314, 48.3417032
-4.5331024, 48.3421882
-4.5436521, 48.3404196
-4.5539098, 48.3391359
-4.5601357, 48.3346855
-4.5636598, 48.3319467
-4.5703546, 48.3308910
-4.5712992, 48.3282375
-4.5718574, 48.3266967
-4.5783838, 48.3254983
-4.5836031, 48.3195343
-4.5778496, 48.3167660
-4.5750750, 48.3125706
-4.5768649, 48.3101731
-4.5748912, 48.3065480
-4.5721999, 48.3050351
-4.5730878, 48.2990116
-4.5690556, 48.2962422
-4.5696996, 48.2934442
-4.5683331, 48.2902034
-4.5686331, 48.2886900
-4.5679514, 48.2865483
-4.5701788, 48.2847636
-4.5699465, 48.2835356
-4.5714494, 48.2825646
-4.5745154, 48.2823647
-4.5762062, 48.2801942
-4.5779022, 48.2782236
-4.5877348, 48.2753246
-4.5886794, 48.2770811
-4.5884217, 48.2808368
-4.5907189, 48.2809939
-4.5948598, 48.2813080
-4.5999932, 48.2828788
-4.6010573, 48.2839497
-4.5998765, 48.2871052
-4.6012290, 48.2879761
-4.6076695, 48.2865055
-4.6095585, 48.2856774
-4.6117271, 48.2851776
-4.6096446, 48.2839497
-4.6091509, 48.2830787
-4.6114265, 48.2811938
-4.6119632, 48.2803656
-4.6148185, 48.2802228
-4.6152908, 48.2821505
-4.6183393, 48.2815365
-4.6194557, 48.2810082
-4.6232127, 48.2811224
-4.6305763, 48.2816507
-4.6322294, 48.2809082
-4.6302425, 48.2803799
-4.6334746, 48.2794659
-4.6289447, 48.2792803
-4.6260250, 48.2786520
-4.6226219, 48.2772239
-4.6212264, 48.2769383
-4.6168483, 48.2717970
-4.6172835, 48.2700117
-4.6184585, 48.2686120
-4.6188234, 48.2669694
-4.6197895, 48.2658124
-4.6208882, 48.2641555
-4.6221940, 48.2625699
-4.6248097, 48.2598557
-4.6261407, 48.2571557
-4.6253464, 48.2559842
-4.6226199, 48.2559270
-4.6244233, 48.2534125
-4.6230493, 48.2524410
-4.6242945, 48.2510551
-4.6258409, 48.2508264
-4.6286318, 48.2505121
-4.6299629, 48.2481974
-4.6261630, 48.2495691
-4.6227924, 48.2511836
-4.6194219, 48.2559413
-4.6180663, 48.2605128
-4.6125275, 48.2613414
-4.6057005, 48.2598271
-4.6006769, 48.2565699
-4.5963833, 48.2551698
-4.5976714, 48.2526553
-4.5970702, 48.2511979
-4.5885688, 48.2534268
-4.5849621, 48.2519409
-4.5824717, 48.2505121
-4.5757307, 48.2541983
-4.5730256, 48.2531696
-4.5616045, 48.2560556
-4.5596723, 48.2577414
-4.5528884, 48.2537983
-4.5479506, 48.2487118
-4.5477818, 48.2454539
-4.5482511, 48.2422243
-4.5524160, 48.2402236
-4.5570532, 48.2386230
-4.5578665, 48.2374225
-4.5607851, 48.2367937
-4.5632745, 48.2364221
-4.5652970, 48.2370795
-4.5669969, 48.2367079
-4.5678127, 48.2352501
-4.5729221, 48.2359647
-4.5750260, 48.2345069
-4.5712905, 48.2341067
-4.5723210, 48.2311337
-4.5698736, 48.2309908
-4.5645924, 48.2319913
-4.5634760, 48.2301332
-4.5621584, 48.2303333
-4.5614151, 48.2292755
-4.5630037, 48.2280462
-4.5613292, 48.2252159
-4.5600988, 48.2226999
-4.5609428, 48.2201837
-4.5595714, 48.2173815
-4.5583692, 48.2118052
-4.5562359, 48.2116336
-4.5553661, 48.2043692
-4.5541210, 48.1945578
-4.5550656, 48.1900090
-4.5537468, 48.1888646
-4.5521155, 48.1876629
-4.5540041, 48.1858604
-4.5552803, 48.1848875
-4.5528329, 48.1831135
-4.5515877, 48.1818545
-4.5540780, 48.1805668
-4.5599604, 48.1771901
-4.5592727, 48.1727542
-4.5597450, 48.1697205
-4.5552796, 48.1675738
-4.5445024, 48.1684611
-4.5417974, 48.1680032
-4.5389207, 48.1698063
-4.5412393, 48.1737845
-4.5377614, 48.1764747
-4.5402088, 48.1806813
-4.5304192, 48.1842294
-4.5270272, 48.1857745
-4.5178387, 48.1912392
-4.5184398, 48.1966175
-4.5141792, 48.2005364
-4.5098954, 48.2004220
-4.5091225, 48.2010799
-4.5135450, 48.2023384
-4.5144467, 48.2056277
-4.5105394, 48.2086594
-4.5095889, 48.2117766
-4.5021238, 48.2155514
-4.4966709, 48.2167238
-4.4923342, 48.2209843
-4.4949534, 48.2224711
-4.4925060, 48.2246726
-4.4934077, 48.2257305
-4.4987318, 48.2257591
-4.4997601, 48.2282464
-4.4989465, 48.2308193
-4.4944381, 48.2333349
-4.4893304, 48.2353359
-4.4876541, 48.2349357
-4.4851256, 48.2342496
-4.4807413, 48.2357361
-4.4770058, 48.2353930
-4.4730986, 48.2359933
-4.4722081, 48.2370795
-4.4709947, 48.2365936
-4.4695348, 48.2373368
-4.4623214, 48.2362792
-4.4603463, 48.2351644
-4.4575554, 48.2349928
-4.4470585, 48.2323916
-4.4410248, 48.2287038
-4.4395649, 48.2246441
-4.4387921, 48.2234146
-4.4345413, 48.2234432
-4.4345719, 48.2261593
-4.4319651, 48.2276460
-4.4245800, 48.2264452
-4.4162073, 48.2236434
-4.4144898, 48.2223282
-4.4067620, 48.2222424
-4.4010506, 48.2195547
-4.3957750, 48.2192973
-4.3936226, 48.2164093
-4.3868487, 48.2181250
-4.3827166, 48.2174101
-4.3765492, 48.2131207
-4.3722830, 48.2083162
-4.3750054, 48.2078872
-4.3752886, 48.2066001
-4.3692774, 48.2044836
-4.3625793, 48.2060567
-4.3592938, 48.2048269
-4.3388520, 48.2049985
-4.3332481, 48.2048841
-4.3280319, 48.2015662
-4.3198739, 48.2024243
-4.3124029, 48.1951586
-4.3045885, 48.1850306
-4.2971175, 48.1706650
-4.3000372, 48.1680890
-4.2969410, 48.1635092
-4.2967740, 48.1580702
-4.2937684, 48.1565243
-4.2899031, 48.1577840
-4.2879290, 48.1553791
-4.2850111, 48.1546920
-4.2829483, 48.1525734
-4.2806335, 48.1489658
-4.2801145, 48.1439261
-4.2814026, 48.1286896
-4.2868985, 48.1264553
-4.2852669, 48.1222729
-4.2888726, 48.1086347
-4.2969457, 48.0988336
-4.3098267, 48.0907506
-4.3139487, 48.0927572
-4.3226074, 48.0932731
-4.3222643, 48.0952796
-4.3223481, 48.0964261
-4.3204751, 48.0964261
-4.3214197, 48.0993495
-4.3273450, 48.1000947
-4.3301788, 48.0969420
-4.3337855, 48.0978018
-4.3351580, 48.0975869
-4.3358453, 48.0980741
-4.3358018, 48.0997938
-4.3348160, 48.1014704
-4.3378215, 48.1034765
-4.3393673, 48.1022155
-4.3377329, 48.0979881
-4.3355010, 48.0949499
-4.3363163, 48.0946776
-4.3379900, 48.0970423
-4.3411706, 48.1012984
-4.3475252, 48.1032472
-4.3537081, 48.1042216
-4.3507884, 48.1073739
-4.3534505, 48.1077751
-4.3558550, 48.1047374
-4.3617803, 48.1096090
-4.3679124, 48.1097523
-4.3748037, 48.1106119
-4.3760704, 48.1096663
-4.3760489, 48.1088496
-4.3794194, 48.1085917
-4.3867187, 48.1058121
-4.3907548, 48.1053822
-4.3961191, 48.1049094
-4.4017466, 48.1058121
-4.4041510, 48.1054395
-4.4062979, 48.1038347
-4.4070707, 48.1045368
-4.4131678, 48.1070443
-4.4146705, 48.1074598
-4.4191574, 48.1064855
-4.4239664, 48.1032759
-4.4240142, 48.1026597
-4.4234774, 48.1020436
-4.4240294, 48.1014847
-4.4238640, 48.1006536
-4.4242011, 48.1003383
-4.4259668, 48.1002523
-4.4273999, 48.1007395
-4.4298258, 48.0998797
-4.4317580, 48.0988193
-4.4326360, 48.0972859
-4.4360709, 48.0979165
-4.4408369, 48.0968417
-4.4419747, 48.0978018
-4.4426832, 48.0972143
-4.4451306, 48.0982318
-4.4460323, 48.0976585
-4.4502186, 48.0991632
-4.4525372, 48.0982604
-4.4551778, 48.0975582
-4.4580116, 48.0974292
-4.4608884, 48.0972859
-4.4621765, 48.0982747
-4.4658691, 48.0996361
-4.4668781, 48.0997794
-4.4671142, 48.0969276
-4.4685311, 48.0958385
-4.4705921, 48.0964117
-4.4731039, 48.0957955
-4.4758304, 48.0962541
-4.4776552, 48.0958241
-4.4782778, 48.0940470
-4.4779343, 48.0928432
-4.4790721, 48.0932015
-4.4825285, 48.0915962
-4.4861352, 48.0882423
-4.4884729, 48.0870240
-4.4911374, 48.0873107
-4.4928075, 48.0884860
-4.4950231, 48.0881993
-4.5007337, 48.0911949
-4.5037178, 48.0918542
-4.5031496, 48.0904783
-4.5041257, 48.0903493
-4.5037608, 48.0886580
-4.5047588, 48.0886867
-4.5077539, 48.0905356
-4.5113711, 48.0908366
-4.5221482, 48.0909226
-4.5269241, 48.0880273
-4.5357162, 48.0896040
-4.5464444, 48.0826090
-4.5496263, 48.0785950
-4.5567493, 48.0784230
-4.5675693, 48.0828384
-4.5822537, 48.0848452
-4.5888660, 48.0804300
-4.5915281, 48.0763586
-4.6047526, 48.0769320
-4.6151433, 48.0730897
-4.6214669, 48.0707956
-4.6304288, 48.0735485
-4.6318519, 48.0721721
-4.6310787, 48.0686162
-4.6381574, 48.0689029
-4.6419801, 48.0674117
-4.6499221, 48.0700500
-4.6584613, 48.0700500
-4.6643489, 48.0721147
-4.6685567, 48.0702794
-4.6713905, 48.0643143
-4.6749113, 48.0618478
-4.6816953, 48.0619625
-4.6865279, 48.0626508
-4.6888228, 48.0659204
-4.6905403, 48.0657483
-4.6918284, 48.0615036
-4.6988701, 48.0619625
-4.7140697, 48.0661498
-4.7171611, 48.0608726
-4.7152719, 48.0573732
-4.7143273, 48.0525541
-4.7112359, 48.0509476
-4.7092608, 48.0488821
-4.7138121, 48.0416520
-4.7188786, 48.0430292
-4.7412916, 48.0404469
-4.7482886, 48.0401600
-4.7561442, 48.0407051
-4.7400344, 48.0392418
-4.7324776, 48.0365731
-4.7271124, 48.0323260
-4.7197702, 48.0324695
-4.7059875, 48.0295996
-4.6989459, 48.0253519
-4.6944662, 48.0275045
-4.6915608, 48.0260121
-4.6727084, 48.0256963
-4.6614913, 48.0231418
-4.6547073, 48.0211613
-4.6508134, 48.0206733
-4.6424407, 48.0231992
-4.6373831, 48.0262704
-4.6355797, 48.0278489
-4.6320589, 48.0270740
-4.6297403, 48.0234863
-4.6284522, 48.0219076
-4.6242015, 48.0208168
-4.6232140, 48.0181473
-4.6193926, 48.0170277
-4.6133903, 48.0161378
-4.6121022, 48.0180324
-4.6109858, 48.0163388
-4.6048906, 48.0147599
-4.5997425, 48.0146163
-4.5924003, 48.0107980
-4.5933034, 48.0072666
-4.5919294, 48.0054003
-4.5874640, 48.0062329
-4.5852313, 48.0045389
-4.5817612, 48.0033616
-4.5768235, 48.0039646
-4.5712846, 48.0003753
-4.5678926, 47.9992841
-4.5626299, 47.9996286
-4.5590610, 47.9990543
-4.5563657, 48.0040795
-4.5511177, 48.0049696
-4.5556690, 48.0057161
-4.5527064, 48.0099941
-4.5416287, 48.0101377
-4.5409846, 48.0087596
-4.5388441, 48.0145302
-4.5355379, 48.0175444
-4.5351644, 48.0193242
-4.5364826, 48.0207020
-4.5381571, 48.0231418
-4.5360532, 48.0243474
-4.5347651, 48.0237733
-4.5349368, 48.0222807
-4.5328329, 48.0208455
-4.5329617, 48.0180898
-4.5359673, 48.0152479
-4.5358385, 48.0136115
-4.5377277, 48.0117742
-4.5349368, 48.0093912
-4.5319032, 48.0094774
-4.5293121, 48.0078121
-4.5257577, 48.0056587
-4.5218934, 48.0056300
-4.5193171, 48.0044527
-4.5169127, 48.0060320
-4.5093558, 48.0043953
-4.5078216, 48.0019833
-4.4967010, 47.9991979
-4.4834845, 47.9917024
-4.4803501, 47.9878249
-4.4782462, 47.9877675
-4.4766146, 47.9853835
-4.4641200, 47.9835738
-4.4635619, 47.9853260
-4.4617156, 47.9835164
-4.4545182, 47.9813332
-4.4519420, 47.9795809
-4.4459738, 47.9732030
-4.4414810, 47.9720825
-4.4363606, 47.9685484
-4.4283744, 47.9626577
-4.4259270, 47.9625140
-4.4185848, 47.9555305
-4.4151684, 47.9481723
-4.4101424, 47.9406981
-4.4044318, 47.9383407
-4.3953779, 47.9303187
-4.3878665, 47.9218354
-4.3812606, 47.9119700
-4.3716022, 47.8967511
-4.3650344, 47.8827077
-4.3527043, 47.8526227
-4.3523626, 47.8371271
-4.3552823, 47.8361476
-4.3511604, 47.8351682
-4.3525343, 47.8309045
-4.3598336, 47.8279082
-4.3619156, 47.8293415
-4.3664326, 47.8291399
-4.3681812, 47.8279370
-4.3684388, 47.8264676
-4.3687823, 47.8255167
-4.3700060, 47.8264243
-4.3744500, 47.8261650
-4.3780781, 47.8236007
-4.3815560, 47.8210505
-4.3823156, 47.8190911
-4.3835607, 47.8168721
-4.3836466, 47.8157771
-4.3839686, 47.8138462
-4.3874680, 47.8136156
-4.3892484, 47.8112524
-4.3882179, 47.8095519
-4.3843536, 47.8097969
-4.3826361, 47.8111803
-4.3773626, 47.8133274
-4.3726397, 47.8106471
-4.3718255, 47.8085143
-4.3734143, 47.8060644
-4.3760357, 47.8044790
-4.3750032, 47.7999822
-4.3755181, 47.7976471
-4.3711416, 47.7969841
-4.3658199, 47.7954273
-4.3624598, 47.7956579
-4.3615152, 47.7966670
-4.3558984, 47.7963066
-4.3523346, 47.7974886
-4.3467202, 47.7982958
-4.3435695, 47.7994633
-4.3395498, 47.7989876
-4.3325984, 47.7982381
-4.3268234, 47.7972580
-4.3185244, 47.7985841
-4.3104094, 47.8004722
-4.3000616, 47.7995930
-4.2959611, 47.7976904
-4.2936316, 47.7952255
-4.2955207, 47.7936398
-4.2947907, 47.7920253
-4.2917422, 47.7919100
-4.2872339, 47.7928470
-4.2859028, 47.7904107
-4.2791832, 47.7922848
-4.2752974, 47.7905260
-4.2694795, 47.7901080
-4.2612299, 47.7907567
-4.2541882, 47.7909873
-4.2433682, 47.7915784
-4.2360660, 47.7917081
-4.2343915, 47.7929767
-4.2270063, 47.7925154
-4.2240998, 47.7914487
-4.2220817, 47.7925443
-4.2204716, 47.7916505
-4.2183677, 47.7918811
-4.2179383, 47.7923136
-4.2147825, 47.7937407
-4.2106606, 47.7946057
-4.2102312, 47.7959895
-4.2113475, 47.7986561
-4.2081721, 47.7996651
-4.2022020, 47.7995354
-4.1990084, 47.7985264
-4.1977795, 47.7975607
-4.1985094, 47.7937263
-4.2014666, 47.7929046
-4.2007582, 47.7902954
-4.1982678, 47.7889114
-4.1965289, 47.7906269
-4.1983752, 47.7925875
-4.1935448, 47.7953985
-4.1922567, 47.7960471
-4.1890364, 47.7988147
-4.1840557, 47.7998236
-4.1804696, 47.8032828
-4.1782809, 47.8042340
-4.1758563, 47.8050411
-4.1748693, 47.8061364
-4.1734718, 47.8070732
-4.1737101, 47.8075632
-4.1749982, 47.8076929
-4.1747780, 47.8099122
-4.1750198, 47.8116270
-4.1731035, 47.8124772
-4.1691828, 47.8137309
-4.1651816, 47.8139471
-4.1647523, 47.8151719
-4.1668132, 47.8168577
-4.1666942, 47.8195089
-4.1644947, 47.8211082
-4.1611582, 47.8243066
-4.1627342, 47.8270294
-4.1614955, 47.8294352
-4.1588404, 47.8313654
-4.1608789, 47.8328347
-4.1626166, 47.8343040
-4.1650163, 47.8354563
-4.1672275, 47.8361620
-4.1719506, 47.8360180
-4.1723799, 47.8368678
-4.1756646, 47.8389563
-4.1759008, 47.8422976
-4.1759120, 47.8448754
-4.1807638, 47.8474100
-4.1818215, 47.8493684
-4.1820948, 47.8514419
-4.1850575, 47.8548689
-4.1919724, 47.8564094
-4.1931728, 47.8566398
-4.1960493, 47.8571149
-4.1979385, 47.8573741
-4.1994596, 47.8587707
-4.2007903, 47.8602320
-4.2021740, 47.8604623
-4.2042502, 47.8610598
-4.2054465, 47.8621611
-4.2055641, 47.8632912
-4.2073786, 47.8651770
-4.2109298, 47.8668181
-4.2124951, 47.8668325
-4.2150274, 47.8660983
-4.2168565, 47.8664798
-4.2183262, 47.8673111
-4.2217255, 47.8674227
-4.2216432, 47.8678293
-4.2187772, 47.8677897
-4.2180097, 47.8676710
-4.2167269, 47.8670736
-4.2158199, 47.8669009
-4.2141400, 47.8672463
-4.2126802, 47.8673255
-4.2113863, 47.8674227
-4.2099951, 47.8672139
-4.2090939, 47.8667389
-4.2073502, 47.8661343
-4.2059655, 47.8658680
-4.2050853, 47.8645220
-4.2044949, 47.8630321
-4.2039230, 47.8620315
-4.2021954, 47.8612181
-4.2002801, 47.8606495
-4.1988095, 47.8598576
-4.1980581, 47.8586339
-4.1971242, 47.8579788
-4.1954895, 47.8574317
-4.1921837, 47.8567982
-4.1899564, 47.8573453
-4.1877022, 47.8578924
-4.1842573, 47.8553872
-4.1811229, 47.8526227
-4.1803715, 47.8490372
-4.1797919, 47.8476836
-4.1762496, 47.8455091
-4.1723269, 47.8462579
-4.1712964, 47.8400941
-4.1703947, 47.8378184
-4.1661440, 47.8434353
-4.1662728, 47.8444722
-4.1634756, 47.8476404
-4.1583724, 47.8497428
-4.1380204, 47.8591882
-4.1251393, 47.8631616
-4.1186559, 47.8633632
-4.1147057, 47.8613765
-4.1119577, 47.8615205
-4.1123871, 47.8687470
-4.1140616, 47.8713667
-4.1181836, 47.8741015
-4.1208027, 47.8783328
-4.1208886, 47.8826214
-4.1223936, 47.8844346
-4.1240351, 47.8846648
-4.1287482, 47.8882334
-4.1294781, 47.8897874
-4.1342870, 47.8923198
-4.1409852, 47.8960317
-4.1440766, 47.8970963
-4.1462235, 47.9044618
-4.1475116, 47.9067920
-4.1472110, 47.9094386
-4.1469963, 47.9124302
-4.1426610, 47.9184417
-4.1405988, 47.9216916
-4.1414146, 47.9259478
-4.1393965, 47.9268393
-4.1360045, 47.9255165
-4.1317108, 47.9263504
-4.1314153, 47.9249126
-4.1358808, 47.9245962
-4.1391010, 47.9257178
-4.1396144, 47.9255740
-4.1391010, 47.9220367
-4.1422784, 47.9164283
-4.1444252, 47.9116248
-4.1447687, 47.9091797
-4.1429653, 47.9024479
-4.1392298, 47.8976430
-4.1353655, 47.8988803
-4.1313724, 47.8942189
-4.1282380, 47.8920320
-4.1244596, 47.8881183
-4.1177185, 47.8839165
-4.1146788, 47.8825063
-4.1175897, 47.8792251
-4.1165163, 47.8759725
-4.1112351, 47.8711076
-4.1050664, 47.8711076
-4.1024330, 47.8705319
-4.1015048, 47.8690061
-4.1025198, 47.8671636
-4.0997881, 47.8647164
-4.0992566, 47.8627585
-4.0928634, 47.8610598
-4.0892568, 47.8608582
-4.0865293, 47.8617508
-4.0777068, 47.8601384
-4.0680460, 47.8589866
-4.0587716, 47.8560495
-4.0485956, 47.8509812
-4.0430138, 47.8464595
-4.0411246, 47.8438386
-4.0351993, 47.8475252
-4.0288499, 47.8495412
-4.0211896, 47.8506356
-4.0056894, 47.8507508
-3.9958569, 47.8520755
-3.9897957, 47.8531698
-3.9875272, 47.8527379
-3.9854216, 47.8536306
-3.9800980, 47.8534290
-3.9739162, 47.8546097
-3.9753761, 47.8565102
-3.9777805, 47.8573165
-3.9812155, 47.8601096
-3.9832310, 47.8618372
-3.9836199, 47.8649755
-3.9852515, 47.8669908
-3.9825895, 47.8697546
-3.9843069, 47.8754832
-3.9865396, 47.8798583
-3.9890729, 47.8827077
-3.9829306, 47.8870535
-3.9752473, 47.8892407
-3.9729716, 47.8888090
-3.9706530, 47.8914853
-3.9762348, 47.8934420
-3.9801850, 47.8984487
-3.9779093, 47.8988227
-3.9748179, 47.8967511
-3.9726281, 47.8933557
-3.9713400, 47.8950822
-3.9658933, 47.8961468
-3.9582872, 47.8964921
-3.9563980, 47.8944779
-3.9529900, 47.8937585
-3.9517950, 47.8943197
-3.9508646, 47.8978876
-3.9485245, 47.8988515
-3.9478248, 47.8962619
-3.9496838, 47.8934420
-3.9500273, 47.8906364
-3.9474511, 47.8910105
-3.9479449, 47.8876723
-3.9454256, 47.8865355
-3.9392427, 47.8826790
-3.9345230, 47.8821033
-3.9302293, 47.8777859
-3.9316892, 47.8773254
-3.9290918, 47.8739000
-3.9323979, 47.8728061
-3.9306805, 47.8700425
-3.9294782, 47.8706758
-3.9264564, 47.8696106
-3.9234821, 47.8696970
-3.9211850, 47.8683727
-3.9204602, 47.8681208
-3.9200704, 47.8693659
-3.9179484, 47.8686750
-3.9174224, 47.8679697
-3.9139016, 47.8687182
-3.9113841, 47.8727341
-3.9107400, 47.8724894
-3.9117920, 47.8681568
-3.9089813, 47.8647308
-3.9065339, 47.8645580
-3.9075429, 47.8629745
-3.9071780, 47.8617652
-3.9050756, 47.8601816
-3.9037875, 47.8594905
-3.9051400, 47.8567550
-3.9079095, 47.8564814
-3.9095840, 47.8579644
-3.9123534, 47.8595481
-3.9198825, 47.8566110
-3.9204830, 47.8542065
-3.9179926, 47.8557471
-3.9135916, 47.8546529
-3.9106334, 47.8508372
-3.9083577, 47.8492676
-3.9073702, 47.8506932
-3.9051374, 47.8513123
-3.9030121, 47.8492676
-3.9013447, 47.8499444
-3.8973516, 47.8487204
-3.8951189, 47.8492100
-3.8928218, 47.8482884
-3.8933155, 47.8473380
-3.8953550, 47.8475684
-3.8991335, 47.8475972
-3.8987459, 47.8455667
-3.8985956, 47.8430465
-3.8985527, 47.8422976
-3.9008283, 47.8408718
-3.9035334, 47.8422256
-3.9041315, 47.8408718
-3.9017485, 47.8383513
-3.9022422, 47.8359316
-3.9026073, 47.8339006
-3.8996017, 47.8330508
-3.8951425, 47.8326763
-3.8927596, 47.8319849
-3.8922873, 47.8299970
-3.8888952, 47.8288878
-3.8861986, 47.8272455
-3.8851479, 47.8254159
-3.8854443, 47.8233125
-3.8814511, 47.8225633
-3.8773507, 47.8190767
-3.8719472, 47.8147828
-3.8679770, 47.8112091
-3.8652313, 47.8088746
-3.8620754, 47.8083558
-3.8569874, 47.8052285
-3.8549050, 47.8035278
-3.8525971, 47.7999822
-3.8522050, 47.7985985
-3.8519910, 47.7965805
-3.8550395, 47.7942885
-3.8562401, 47.7928037
-3.8570130, 47.7902665
-3.8547803, 47.7897043
-3.8523811, 47.7902377
-3.8525690, 47.7914775
-3.8512809, 47.7922127
-3.8499499, 47.7914487
-3.8463217, 47.7916505
-3.8442276, 47.7931930
-3.8430156, 47.7929767
-3.8428699, 47.7941876
-3.8395853, 47.7957300
-3.8385762, 47.7970994
-3.8357209, 47.7959030
-3.8339066, 47.7955715
-3.8324210, 47.7960471
-3.8297374, 47.7951967
-3.8292222, 47.7932362
-3.8269251, 47.7931930
-3.8266675, 47.7959751
-3.8251307, 47.7965084
-3.8226743, 47.7967967
-3.8194541, 47.7961625
-3.8173287, 47.7954850
-3.8155982, 47.7941444
-3.8133010, 47.7943173
-3.8108966, 47.7934813
-3.8116766, 47.7922559
-3.8099520, 47.7925010
-3.8083204, 47.7916216
-3.8073114, 47.7905837
-3.8073573, 47.7893583
-3.8049603, 47.7884645
-3.8025484, 47.7889835
-3.8005345, 47.7874841
-3.8013289, 47.7865038
-3.8000894, 47.7850908
-3.8032825, 47.7843267
-3.7999177, 47.7830147
-3.7985165, 47.7837356
-3.7997402, 47.7845718
-3.7997617, 47.7865326
-3.7994396, 47.7875130
-3.7938364, 47.7897764
-3.7873529, 47.7908720
-3.7813418, 47.7902089
-3.7755024, 47.7895457
-3.7690404, 47.7897764
-3.7672800, 47.7908144
-3.7632225, 47.7904539
-3.7571040, 47.7909441
-3.7504058, 47.7935966
-3.7418185, 47.7964219
-3.7387354, 47.7993047
-3.7374258, 47.8004722
-3.7399806, 47.8014668
-3.7406737, 47.8039169
-3.7388242, 47.8050699
-3.7407592, 47.8072605
-3.7413171, 47.8093790
-3.7424973, 47.8103157
-3.7436761, 47.8113100
-3.7448139, 47.8139903
-3.7468320, 47.8160076
-3.7454365, 47.8188605
-3.7460378, 47.8210505
-3.7452555, 47.8228659
-3.7456849, 47.8265540
-3.7472306, 47.8280234
-3.7515243, 47.8298385
-3.7546587, 47.8340447
-3.7545786, 47.8359748
-3.7506656, 47.8394027
-3.7484723, 47.8410446
-3.7482045, 47.8419663
-3.7487413, 47.8425280
-3.7510372, 47.8449907
-3.7522606, 47.8452859
-3.7522363, 47.8463875
-3.7517028, 47.8470284
-3.7491704, 47.8478708
-3.7482156, 47.8496348
-3.7471698, 47.8514419
-3.7466029, 47.8513699
-3.7472792, 47.8501172
-3.7472685, 47.8488644
-3.7487712, 47.8474964
-3.7497790, 47.8469564
-3.7506699, 47.8458835
-3.7497468, 47.8451851
-3.7484802, 47.8440330
-3.7484803, 47.8431185
-3.7473318, 47.8421248
-3.7475894, 47.8405477
-3.7485123, 47.8386034
-3.7482120, 47.8375232
-3.7492854, 47.8359388
-3.7504125, 47.8353842
-3.7496711, 47.8333245
-3.7475243, 47.8297809
-3.7440893, 47.8267845
-3.7445486, 47.8252430
-3.7436268, 47.8217565
-3.7442494, 47.8213099
-3.7447718, 47.8208777
-3.7439702, 47.8175926
-3.7425969, 47.8125349
-3.7398294, 47.8100563
-3.7384768, 47.8078226
-3.7363729, 47.8051420
-3.7350665, 47.8035710
-3.7325117, 47.8022307
-3.7292915, 47.8032251
-3.7283469, 47.8047240
-3.7240005, 47.8049546
-3.7207256, 47.8076929
-3.7166398, 47.8099266
-3.7153370, 47.8094078
-3.7134647, 47.8112236
-3.7117267, 47.8126790
-3.7084496, 47.8145090
-3.7054440, 47.8139038
-3.7042959, 47.8148549
-3.7045964, 47.8171315
-3.6997060, 47.8197394
-3.6953694, 47.8206471
-3.6892724, 47.8203734
-3.6855798, 47.8203157
-3.6838409, 47.8222752
-3.6823381, 47.8216989
-3.6839912, 47.8194513
-3.6880058, 47.8194080
-3.6929435, 47.8193360
-3.6967219, 47.8189614
-3.7000535, 47.8172180
-3.7023923, 47.8141200
-3.7039753, 47.8124772
-3.7056756, 47.8124052
-3.7075391, 47.8133851
-3.7115536, 47.8108201
-3.7123649, 47.8083414
-3.7141039, 47.8066408
-3.7174100, 47.8073470
-3.7201381, 47.8057905
-3.7227127, 47.8032972
-3.7229059, 47.8022883
-3.7220686, 47.8018271
-3.7216393, 47.8020433
-3.7208235, 47.8016253
-3.7217037, 47.8001119
-3.7228200, 47.7989300
-3.7225839, 47.7975318
-3.7190201, 47.7972580
-3.7161434, 47.7951678
-3.7104542, 47.7924001
-3.7057741, 47.7897043
-3.7043445, 47.7887528
-3.7056668, 47.7873255
-3.7030691, 47.7885077
-3.7003426, 47.7863452
-3.6948896, 47.7846151
-3.6932795, 47.7825533
-3.6915563, 47.7823226
-3.6905316, 47.7812412
-3.6881271, 47.7808230
-3.6868605, 47.7792369
-3.6853791, 47.7799146
-3.6851001, 47.7788909
-3.6835973, 47.7791216
-3.6829317, 47.7767856
-3.6786810, 47.7764683
-3.6785307, 47.7747091
-3.6759975, 47.7759781
-3.6732280, 47.7758194
-3.6706948, 47.7776796
-3.6720687, 47.7789485
-3.6698796, 47.7806933
-3.6701201, 47.7818900
-3.6709530, 47.7834760
-3.6704592, 47.7848602
-3.6693428, 47.7862010
-3.6689135, 47.7860136
-3.6699488, 47.7848746
-3.6701586, 47.7832453
-3.6691067, 47.7817314
-3.6672389, 47.7808663
-3.6648989, 47.7812989
-3.6630955, 47.7828128
-3.6632724, 47.7815296
-3.6615442, 47.7801525
-3.6597113, 47.7793955
-3.6586727, 47.7797272
-3.6572853, 47.7792441
-3.6542690, 47.7791648
-3.6534854, 47.7794028
-3.6515318, 47.7792874
-3.6506409, 47.7797777
-3.6507741, 47.7819477
-3.6483696, 47.7827551
-3.6455572, 47.7846295
-3.6445576, 47.7842546
-3.6492163, 47.7817314
-3.6490016, 47.7796407
-3.6464092, 47.7782131
-3.6460604, 47.7764395
-3.6462751, 47.7749398
-3.6457813, 47.7739592
-3.6433339, 47.7739303
-3.6420966, 47.7749975
-3.6406933, 47.7752138
-3.6398131, 47.7736275
-3.6354878, 47.7742043
-3.6346178, 47.7726469
-3.6299088, 47.7722142
-3.6263310, 47.7696184
-3.6234496, 47.7707288
-3.6212345, 47.7708731
-3.6166618, 47.7690992
-3.6150387, 47.7695751
-3.6139657, 47.7685944
-3.6119817, 47.7685078
-3.6113161, 47.7687963
-3.6123896, 47.7698924
-3.6097704, 47.7698779
-3.6092478, 47.7723585
-3.6086441, 47.7735121
-3.6076021, 47.7744062
-3.6061118, 47.7745072
-3.6054982, 47.7756608
-3.6051332, 47.7771605
-3.6037163, 47.7763097
-3.6059276, 47.7739015
-3.6078383, 47.7735410
-3.6084019, 47.7716662
-3.6084233, 47.7700943
-3.6059330, 47.7696905
-3.6049455, 47.7700943
-3.6006947, 47.7685078
-3.5976677, 47.7696184
-3.5928941, 47.7678012
-3.5913774, 47.7690703
-3.5894453, 47.7677723
-3.5882806, 47.7678156
-3.5873628, 47.7668348
-3.5871911, 47.7685511
-3.5853019, 47.7679886
-3.5799562, 47.7665464
-3.5791190, 47.7683492
-3.5780241, 47.7670368
-3.5754908, 47.7687819
-3.5730031, 47.7690703
-3.5695655, 47.7688396
-3.5627878, 47.7675704
-3.5605059, 47.7654502
-3.5573598, 47.7654935
-3.5555681, 47.7637483
-3.5514891, 47.7626232
-3.5509874, 47.7643973
-3.5496643, 47.7656377
-3.5462448, 47.7651762
-3.5445716, 47.7634237
-3.5436703, 47.7635103
-3.5435737, 47.7639214
-3.5427686, 47.7637555
-3.5400314, 47.7624934
-3.5376055, 47.7622698
-3.5369614, 47.7633228
-3.5375910, 47.7642098
-3.5335335, 47.7660127
-3.5267924, 47.7641233
-3.5238727, 47.7613972
-3.5251608, 47.7594210
-3.5233360, 47.7562330
-3.5202812, 47.7560599
-3.5178401, 47.7540403
-3.5148345, 47.7521937
-3.5147486, 47.7498420
-3.5121509, 47.7477645
-3.5091239, 47.7486157
-3.5039071, 47.7412714
-3.5017581, 47.7360043
-3.5053044, 47.7352827
-3.5068286, 47.7354847
-3.5055620, 47.7329880
-3.5038236, 47.7302892
-3.5007960, 47.7283551
-3.4995938, 47.7298417
-3.4978548, 47.7272870
-3.4956007, 47.7283407
-3.4948063, 47.7236352
-3.4921442, 47.7241837
-3.4883733, 47.7222350
-3.4863048, 47.7199686
-3.4861760, 47.7162152
-3.4843751, 47.7152624
-3.4827006, 47.7137464
-3.4787933, 47.7135732
-3.4776984, 47.7147859
-3.4757131, 47.7136454
-3.4763459, 47.7127214
-3.4773335, 47.7108300
-3.4748646, 47.7092273
-3.4721381, 47.7089385
-3.4710432, 47.7070903
-3.4699698, 47.7059929
-3.4673292, 47.7065994
-3.4672648, 47.7058341
-3.4630570, 47.7044912
-3.4605022, 47.7026573
-3.4597938, 47.7019930
-3.4622197, 47.7020941
-3.4631643, 47.7010255
-3.4632931, 47.6992925
-3.4603864, 47.6972274
-3.4585186, 47.6988015
-3.4548475, 47.6955087
-3.4499576, 47.6945699
-3.4451524, 47.6952054
-3.4454101, 47.6967652
-3.4444225, 47.6967074
-3.4433062, 47.6972707
-3.4448734, 47.6981950
-3.4432203, 47.6987582
-3.4417604, 47.6973573
-3.4401074, 47.6974440
-3.4381323, 47.6965630
-3.4378843, 47.6985993
-3.4358996, 47.6974007
-3.4339674, 47.7000579
-3.4308760, 47.6993214
-3.4282997, 47.6995525
-3.4274249, 47.7001012
-3.4279616, 47.7015309
-3.4286057, 47.7032493
-3.4254713, 47.7042746
-3.4248272, 47.7019208
-3.4238397, 47.7008955
-3.4232171, 47.7017186
-3.4219290, 47.7009099
-3.4230883, 47.7004334
-3.4207268, 47.6983683
-3.4194018, 47.7001012
-3.4178346, 47.6993647
-3.4192086, 47.6982961
-3.4186075, 47.6968519
-3.4160552, 47.6964764
-3.4165275, 47.6985849
-3.4146168, 47.6987437
-3.4138654, 47.6976751
-3.4126417, 47.6951188
-3.4097435, 47.6955520
-3.4093570, 47.6965630
-3.4116541, 47.6987871
-3.4120192, 47.6998269
-3.4132858, 47.7007078
-3.4129505, 47.7013721
-3.4108169, 47.7015165
-3.4090565, 47.7007944
-3.4071673, 47.7016175
-3.4017573, 47.7016898
-3.3942433, 47.7009677
-3.3909157, 47.7000579
-3.3900922, 47.6987149
-3.3875804, 47.6981805
-3.3843172, 47.6981227
-3.3830291, 47.6997113
-3.3811233, 47.7020219
-3.3818962, 47.7030761
-3.3801143, 47.7042168
-3.3802000, 47.7059207
-3.3745752, 47.7069893
-3.3746611, 47.7047222
-3.3718058, 47.7080000
-3.3715267, 47.7096460
-3.3736568, 47.7117252
-3.3651983, 47.7168937
-3.3673881, 47.7235341
-3.3767053, 47.7267385
-3.3824897, 47.7297696
-3.3854953, 47.7304912
-3.3851089, 47.7318767
-3.3751905, 47.7293943
-3.3691364, 47.7262189
-3.3646815, 47.7266231
-3.3586704, 47.7294809
-3.3533462, 47.7365815
-3.3518052, 47.7401892
-3.3486708, 47.7425557
-3.3454983, 47.7416033
-3.3432227, 47.7396120
-3.3325744, 47.7424979
-3.3284954, 47.7467978
-3.3243734, 47.7471152
-3.3209814, 47.7548770
-3.3102472, 47.7611952
-3.3034203, 47.7625799
-3.3041073, 47.7545019
-3.3144726, 47.7467689
-3.3162760, 47.7406509
-3.3279118, 47.7361774
-3.3437126, 47.7356868
-3.3454301, 47.7367547
-3.3501960, 47.7293077
-3.3483068, 47.7289324
-3.3513553, 47.7263055
-3.3517847, 47.7236496
-3.3463747, 47.7212823
-3.3436696, 47.7183662
-3.3440131, 47.7157965
-3.3465464, 47.7139197
-3.3505395, 47.7161141
-3.3526005, 47.7147571
-3.3525576, 47.7121005
-3.3508830, 47.7100214
-3.3533734, 47.7089530
-3.3560354, 47.7119273
-3.3586546, 47.7101658
-3.3635494, 47.7117540
-3.3661685, 47.7097615
-3.3632918, 47.7054009
-3.3590840, 47.7067294
-3.3565247, 47.7025418
-3.3492363, 47.7029461
-3.3436974, 47.7056897
-3.3370852, 47.7045345
-3.3272097, 47.7064983
-3.3219285, 47.7037836
-3.3147707, 47.7017620
-3.3049030, 47.7004623
-3.2988060, 47.7021952
-3.2903045, 47.7016175
-3.2856244, 47.6962742
-3.2980331, 47.6973429
-3.3051606, 47.6963608
-3.3138769, 47.6993070
-3.3222065, 47.7003467
-3.3266291, 47.7033793
-3.3312663, 47.7048811
-3.3317386, 47.7030616
-3.3422581, 47.7042168
-3.3496003, 47.7013576
-3.3532929, 47.7009533
-3.3554397, 47.6987871
-3.3545626, 47.6955232
-3.3583594, 47.6938189
-3.3613348, 47.6903814
-3.3601326, 47.6853257
-3.3567406, 47.6863080
-3.3527045, 47.6901503
-3.3524039, 47.6933567
-3.3405104, 47.6950899
-3.3300768, 47.6936167
-3.3181404, 47.6929812
-3.3028119, 47.6891970
-3.2837051, 47.6828122
-3.2707811, 47.6769468
-3.2621561, 47.6713408
-3.2607406, 47.6657631
-3.2579497, 47.6685376
-3.2536990, 47.6653585
-3.2563181, 47.6621503
-3.2523679, 47.6602137
-3.2482889, 47.6632197
-3.2377784, 47.6580747
-3.2269226, 47.6500961
-3.2140147, 47.6430994
-3.2116448, 47.6452968
-3.2109149, 47.6496335
-3.2094121, 47.6539121
-3.2112154, 47.6571786
-3.2114731, 47.6637977
-3.2116448, 47.6657342
-3.2133193, 47.6684220
-3.2122030, 47.6708206
-3.2087803, 47.6708784
-3.2053760, 47.6718031
-3.2039162, 47.6736526
-3.2009535, 47.6750974
-3.2008247, 47.6761955
-3.2024993, 47.6776403
-3.1994937, 47.6781315
-3.1991931, 47.6745484
-3.1979050, 47.6738260
-3.1987208, 47.6726990
-3.2021558, 47.6715720
-3.2032861, 47.6705894
-3.2083387, 47.6699247
-3.2096818, 47.6692311
-3.2097127, 47.6679884
-3.2082099, 47.6653007
-3.2085112, 47.6615144
-3.2074807, 47.6563692
-3.2061522, 47.6521198
-3.2052177, 47.6499226
-3.2067104, 47.6470604
-3.2094999, 47.6457016
-3.2104544, 47.6437355
-3.2098005, 47.6415380
-3.2060650, 47.6364776
-3.1994527, 47.6302889
-3.2016425, 47.6236366
-3.1976923, 47.6197026
-3.1917670, 47.6200208
-3.1904360, 47.6211490
-3.1840384, 47.6157395
-3.1755799, 47.6127308
-3.1684953, 47.6094036
-3.1608757, 47.6035878
-3.1544393, 47.5970189
-3.1468428, 47.5852971
-3.1410478, 47.5739201
-3.1418210, 47.5618745
-3.1374866, 47.5516220
-3.1380447, 47.5433954
-3.1413079, 47.5352834
-3.1456759, 47.5312269
-3.1514294, 47.5298361
-3.1544485, 47.5279236
-3.1613049, 47.5300099
-3.1591580, 47.5229392
-3.1556296, 47.5231275
-3.1531582, 47.5206641
-3.1530698, 47.5166645
-3.1526623, 47.5118964
-3.1520397, 47.5093600
-3.1497640, 47.5085194
-3.1522114, 47.5060843
-3.1505719, 47.4994017
-3.1475663, 47.4927618
-3.1438308, 47.4911669
-3.1456341, 47.4893110
-3.1462377, 47.4830178
-3.1418152, 47.4820317
-3.1374543, 47.4784932
-3.1359329, 47.4742583
-3.1349024, 47.4731270
-3.1324979, 47.4742583
-3.1307805, 47.4719957
-3.1245117, 47.4747224
-3.1215773, 47.4755926
-3.1211487, 47.4782322
-3.1165975, 47.4772170
-3.1146362, 47.4749545
-3.1112013, 47.4693268
-3.1066929, 47.4713575
-3.1051901, 47.4726049
-3.1021416, 47.4710384
-3.0994366, 47.4711544
-3.0989643, 47.4724308
-3.0971180, 47.4710964
-3.0953576, 47.4721117
-3.0929102, 47.4708643
-3.0900334, 47.4683114
-3.0847522, 47.4657584
-3.0827813, 47.4685435
-3.0791704, 47.4672090
-3.0797773, 47.4707483
-3.0847522, 47.4717346
-3.0873714, 47.4736491
-3.0900334, 47.4761728
-3.0937670, 47.4828148
-3.0971991, 47.4865560
-3.0993460, 47.4893980
-3.1017934, 47.4900360
-3.1053571, 47.4882960
-3.1088738, 47.4898620
-3.1105954, 47.4922398
-3.1121841, 47.4958934
-3.1168642, 47.4984449
-3.1181865, 47.5021270
-3.1175082, 47.5055480
-3.1169501, 47.5101282
-3.1215443, 47.5118674
-3.1254945, 47.5134037
-3.1255374, 47.5206207
-3.1284142, 47.5209974
-3.1275125, 47.5260690
-3.1310610, 47.5280105
-3.1328796, 47.5325308
-3.1311899, 47.5364713
-3.1309045, 47.5388470
-3.1340389, 47.5425843
-3.1323214, 47.5475668
-3.1290153, 47.5502317
-3.1281136, 47.5567196
-3.1243352, 47.5638726
-3.1250651, 47.5660155
-3.1152755, 47.5747597
-3.1072034, 47.5730515
-3.1012206, 47.5695191
-3.0990026, 47.5683609
-3.0978286, 47.5642201
-3.0959823, 47.5626854
-3.0930379, 47.5644228
-3.0889407, 47.5639885
-3.0850334, 47.5658128
-3.0789364, 47.5671448
-3.0775624, 47.5686215
-3.0696492, 47.5706194
-3.0597437, 47.5711116
-3.0547997, 47.5690848
-3.0527020, 47.5687373
-3.0526162, 47.5720671
-3.0456175, 47.5720381
-3.0348019, 47.5729357
-3.0283139, 47.5726172
-3.0284511, 47.5702140
-3.0241491, 47.5671158
-3.0183097, 47.5659286
-3.0160340, 47.5658128
-3.0169786, 47.5687663
-3.0226138, 47.5734858
-3.0218734, 47.5786970
-3.0235909, 47.5814471
-3.0256609, 47.5811577
-3.0263818, 47.5832419
-3.0246643, 47.5847761
-3.0248361, 47.5878732
-3.0264247, 47.5918385
-3.0231615, 47.5921569
-3.0224745, 47.5913465
-3.0221561, 47.5895375
-3.0194940, 47.5883942
-3.0166820, 47.5838932
-3.0137858, 47.5805932
-3.0108017, 47.5733121
-3.0081436, 47.5695915
-3.0077656, 47.5679990
-3.0041720, 47.5659286
-3.0026048, 47.5669276
-2.9966795, 47.5654363
-2.9947080, 47.5672461
-2.9976277, 47.5694033
-2.9949227, 47.5711406
-2.9915307, 47.5698521
-2.9887183, 47.5661747
-2.9870223, 47.5653784
-2.9869150, 47.5670434
-2.9880313, 47.5707642
-2.9910369, 47.5721105
-2.9927758, 47.5770034
-2.9924753, 47.5790154
-2.9950515, 47.5804050
-2.9962537, 47.5858615
-2.9940425, 47.5829524
-2.9929964, 47.5805787
-2.9884236, 47.5788128
-2.9863841, 47.5766705
-2.9812532, 47.5779298
-2.9785696, 47.5754979
-2.9743404, 47.5724290
-2.9708840, 47.5696349
-2.9714207, 47.5685057
-2.9743833, 47.5695915
-2.9760149, 47.5692441
-2.9724726, 47.5650889
-2.9733958, 47.5643360
-2.9776894, 47.5630763
-2.9790419, 47.5615560
-2.9760793, 47.5601514
-2.9754925, 47.5580228
-2.9732396, 47.5588048
-2.9704761, 47.5581387
-2.9619837, 47.5514193
-2.9615972, 47.5537074
-2.9626277, 47.5565458
-2.9529240, 47.5560245
-2.9439052, 47.5555321
-2.9412023, 47.5541998
-2.9345515, 47.5544315
-2.9269902, 47.5527227
-2.9262603, 47.5570092
-2.9272478, 47.5595867
-2.9347617, 47.5615560
-2.9366939, 47.5680424
-2.9402163, 47.5681003
-2.9427050, 47.5694033
-2.9442508, 47.5740938
-2.9473181, 47.5793628
-2.9573701, 47.5811287
-2.9618355, 47.5836472
-2.9607070, 47.5918096
-2.9550375, 47.5949931
-2.9534331, 47.5975688
-2.9555796, 47.5987987
-2.9600219, 47.6012874
-2.9625978, 47.6010703
-2.9648068, 47.6018806
-2.9658816, 47.6050925
-2.9634564, 47.6072047
-2.9611799, 47.6097508
-2.9648301, 47.6107634
-2.9612869, 47.6123113
-2.9602576, 47.6137867
-2.9583263, 47.6145389
-2.9567166, 47.6138446
-2.9565677, 47.6123402
-2.9545496, 47.6117760
-2.9531115, 47.6125282
-2.9540781, 47.6147125
-2.9558379, 47.6170413
-2.9557736, 47.6193844
-2.9553002, 47.6203101
-2.9577686, 47.6221325
-2.9595498, 47.6249237
-2.9606869, 47.6290886
-2.9607938, 47.6313734
-2.9619956, 47.6318650
-2.9632607, 47.6344533
-2.9669528, 47.6330074
-2.9694202, 47.6333978
-2.9706004, 47.6349883
-2.9708415, 47.6366511
-2.9710725, 47.6399476
-2.9699989, 47.6427235
-2.9707921, 47.6450077
-2.9753803, 47.6473496
-2.9792446, 47.6539988
-2.9782167, 47.6592887
-2.9782142, 47.6629596
-2.9794710, 47.6650405
-2.9785328, 47.6648527
-2.9768138, 47.6620780
-2.9771788, 47.6599680
-2.9764725, 47.6579157
-2.9741968, 47.6556466
-2.9716223, 47.6522354
-2.9698190, 47.6504286
-2.9663015, 47.6470460
-2.9644337, 47.6451522
-2.9659582, 47.6422753
-2.9679548, 47.6408729
-2.9683413, 47.6390079
-2.9675899, 47.6384440
-2.9644985, 47.6388344
-2.9596496, 47.6384584
-2.9559570, 47.6389789
-2.9538418, 47.6404247
-2.9541639, 47.6420874
-2.9533379, 47.6435620
-2.9528336, 47.6426223
-2.9531123, 47.6416681
-2.9532303, 47.6408115
-2.9531108, 47.6401392
-2.9529494, 47.6396946
-2.9536096, 47.6393151
-2.9552781, 47.6384765
-2.9586228, 47.6371861
-2.9613815, 47.6359932
-2.9621186, 47.6349594
-2.9615832, 47.6342509
-2.9591787, 47.6348004
-2.9582556, 47.6335279
-2.9591358, 47.6316771
-2.9577833, 47.6321687
-2.9587923, 47.6305202
-2.9590131, 47.6295369
-2.9585776, 47.6287849
-2.9587064, 47.6273822
-2.9572473, 47.6271219
-2.9557445, 47.6259360
-2.9523116, 47.6266736
-2.9484688, 47.6272231
-2.9418350, 47.6271653
-2.9472236, 47.6235932
-2.9500360, 47.6217275
-2.9490993, 47.6196303
-2.9492631, 47.6175620
-2.9478697, 47.6162313
-2.9487499, 47.6140182
-2.9465981, 47.6125282
-2.9491161, 47.6119496
-2.9505330, 47.6105898
-2.9513059, 47.6094181
-2.9507262, 47.6069009
-2.9495884, 47.6063656
-2.9488636, 47.6076966
-2.9478065, 47.6074506
-2.9464109, 47.6061052
-2.9464968, 47.6034287
-2.9461762, 47.6025461
-2.9445661, 47.6028499
-2.9432135, 47.6012729
-2.9423977, 47.5982054
-2.9399851, 47.5950800
-2.9385682, 47.5920990
-2.9376236, 47.5865707
-2.9355626, 47.5856155
-2.9298616, 47.5833287
-2.9255679, 47.5855866
-2.9207160, 47.5826629
-2.9169895, 47.5819971
-2.9186640, 47.5856155
-2.9146280, 47.5868023
-2.9132111, 47.5912307
-2.9056971, 47.5901888
-2.9042802, 47.5857313
-2.9092609, 47.5838498
-2.9063412, 47.5812734
-2.8993425, 47.5845156
-2.8960793, 47.5821998
-2.8952206, 47.5815050
-2.8918715, 47.5818235
-2.8885444, 47.5897257
-2.8895749, 47.5961507
-2.8889738, 47.6025172
-2.8774667, 47.5993341
-2.8666466, 47.5971347
-2.8583169, 47.6009546
-2.8532504, 47.5982344
-2.8561701, 47.5886837
-2.8616646, 47.5688821
-2.8590884, 47.5603686
-2.8578862, 47.5659286
-2.8492371, 47.5654074
-2.8471520, 47.5683609
-2.8518115, 47.5685347
-2.8523903, 47.5732252
-2.8490412, 47.5790733
-2.8512803, 47.5845156
-2.8454409, 47.5892626
-2.8369394, 47.5870049
-2.8338479, 47.5894362
-2.8276651, 47.5883942
-2.8235431, 47.5883363
-2.8241450, 47.5907676
-2.8266568, 47.5914478
-2.8320239, 47.5934158
-2.8337629, 47.5938065
-2.8358238, 47.5920990
-2.8402463, 47.5938355
-2.8398169, 47.5950221
-2.8422145, 47.5973228
-2.8393163, 47.5993919
-2.8367334, 47.6060473
-2.8375492, 47.6074940
-2.8387514, 47.6076097
-2.8420146, 47.6048610
-2.8472529, 47.5982633
-2.8516324, 47.6012729
-2.8610785, 47.6035878
-2.8673473, 47.6062788
-2.8569566, 47.6130779
-2.8573430, 47.6180248
-2.8612088, 47.6185166
-2.8636123, 47.6184009
-2.8653286, 47.6175041
-2.8663168, 47.6181116
-2.8618085, 47.6222771
-2.8570854, 47.6223349
-2.8551533, 47.6185166
-2.8505657, 47.6193266
-2.8467377, 47.6173884
-2.8445479, 47.6179959
-2.8388373, 47.6163759
-2.8329700, 47.6201365
-2.8294772, 47.6181116
-2.8355313, 47.6130490
-2.8353166, 47.6122100
-2.8300783, 47.6139748
-2.8283790, 47.6153345
-2.8252458, 47.6156527
-2.8192153, 47.6196737
-2.8133330, 47.6216118
-2.8084811, 47.6211490
-2.8032723, 47.6195291
-2.8014703, 47.6172727
-2.7983195, 47.6179381
-2.7967309, 47.6195002
-2.7903559, 47.6192109
-2.7867266, 47.6206572
-2.7832487, 47.6209465
-2.7820301, 47.6216986
-2.7808443, 47.6226531
-2.7799600, 47.6225374
-2.7779849, 47.6186613
-2.7714156, 47.6162024
-2.7645869, 47.6138591
-2.7577711, 47.6153345
-2.7580287, 47.6125282
-2.7415839, 47.6047742
-2.7307768, 47.5935750
-2.7372647, 47.5841392
-2.7460411, 47.5782627
-2.7510427, 47.5761783
-2.7276838, 47.5643649
-2.7371417, 47.5548660
-2.7300977, 47.5435113
-2.7424599, 47.5437430
-2.7551655, 47.5377171
-2.7674391, 47.5437430
-2.7706133, 47.5393975
-2.7788607, 47.5402087
-2.7758494, 47.5450177
-2.7764484, 47.5488413
-2.7827178, 47.5464081
-2.7848590, 47.5527806
-2.7943032, 47.5502317
-2.8066630, 47.5566037
-2.8202250, 47.5568354
-2.8307815, 47.5608320
-2.8333576, 47.5593840
-2.8318952, 47.5470454
-2.8421126, 47.5444962
-2.8483344, 47.5484937
-2.8600943, 47.5518827
-2.8673452, 47.5591813
-2.8764885, 47.5547501
-2.8760998, 47.5605424
-2.8785486, 47.5636989
-2.8811403, 47.5643649
-2.8911225, 47.5620193
-2.8948572, 47.5550687
-2.8977997, 47.5629749
-2.9039102, 47.5594709
-2.9078988, 47.5633224
-2.9137722, 47.5570671
-2.9145474, 47.5546343
-2.9130446, 47.5530413
-2.9105832, 47.5534178
-2.9088593, 47.5500869
-2.9142746, 47.5478420
-2.9163732, 47.5499710
-2.9195263, 47.5484068
-2.9174439, 47.5452060
-2.9154044, 47.5447135
-2.9142522, 47.5454956
-2.9134152, 47.5436561
-2.9125491, 47.5414255
-2.9096079, 47.5408750
-2.9057866, 47.5414110
-2.9019867, 47.5412372
-2.9041335, 47.5385284
-2.9060013, 47.5366741
-2.9029957, 47.5335450
-2.8973495, 47.5343852
-2.8959755, 47.5375578
-2.8865285, 47.5374274
-2.8791443, 47.5349647
-2.8782426, 47.5342403
-2.8767398, 47.5342403
-2.8718945, 47.5321252
-2.8684530, 47.5291406
-2.8624096, 47.5258661
-2.8600385, 47.5221567
-2.8615843, 47.5180122
-2.8613266, 47.5164761
-2.8585787, 47.5183600
-2.8539555, 47.5177224
-2.8488906, 47.5134907
-2.8476785, 47.5111428
-2.8494389, 47.5065336
-2.8505965, 47.5013732
-2.8505536, 47.4981260
-2.8491796, 47.4988798
-2.8353969, 47.4928778
-2.8348387, 47.4904129
-2.8293857, 47.4917758
-2.8249203, 47.4895430
-2.8128551, 47.4861790
-2.8086902, 47.4884410
-2.7934906, 47.4842359
-2.7908282, 47.4873680
-2.7862772, 47.4898620
-2.7871717, 47.4911959
-2.7827176, 47.4945306
-2.7747200, 47.4962703
-2.7660225, 47.4973431
-2.7578888, 47.4964733
-2.7465535, 47.4985029
-2.7398554, 47.4999236
-2.7395548, 47.5024459
-2.7356402, 47.5053160
-2.7251710, 47.5064177
-2.7139229, 47.5050261
-2.7050336, 47.5025329
-2.6925079, 47.4995177
-2.6830469, 47.4952845
-2.6830469, 47.4890500
-2.6805362, 47.4922978
-2.6744166, 47.4914279
-2.6748460, 47.4941826
-2.6794831, 47.4945596
-2.6801934, 47.4967342
-2.6754280, 47.5000975
-2.6688348, 47.5054030
-2.6648846, 47.5087078
-2.6673750, 47.5112877
-2.6665886, 47.5160993
-2.6629095, 47.5192295
-2.6605480, 47.5178094
-2.6458636, 47.5168819
-2.6427748, 47.5141863
-2.6412254, 47.5158095
-2.6368902, 47.5161863
-2.6365919, 47.5123022
-2.6315858, 47.5125486
-2.6258966, 47.5156935
-2.6219816, 47.5192005
-2.6197919, 47.5265616
-2.6156270, 47.5265326
-2.6188043, 47.5218669
-2.6191907, 47.5180702
-2.6236132, 47.5140994
-2.6318571, 47.5099253
-2.6346050, 47.5059248
-2.6325011, 47.5037505
-2.6213805, 47.5034316
-2.6139954, 47.5066786
-2.6060091, 47.5077512
-2.6080701, 47.5102731
-2.6062668, 47.5129109
-2.6025187, 47.5162442
-2.5935459, 47.5173166
-2.5846696, 47.5171717
-2.5767692, 47.5150559
-2.5718332, 47.5158964
-2.5571041, 47.5114906
-2.5488603, 47.5087658
-2.5483880, 47.5114906
-2.5517370, 47.5129689
-2.5445666, 47.5177224
-2.5431067, 47.5225334
-2.5309556, 47.5239535
-2.5280572, 47.5253155
-2.5245151, 47.5243012
-2.5197062, 47.5265616
-2.5065545, 47.5232000
-2.5013292, 47.5183890
-2.5042919, 47.5173456
-2.5008569, 47.5140414
-2.4969497, 47.5169109
-2.4917543, 47.5154037
-2.4878042, 47.5159254
-2.4826528, 47.5134907
-2.4770700, 47.5124761
-2.4641123, 47.5093745
-2.4520042, 47.5049682
-2.4449625, 47.4992857
-2.4394666, 47.4984159
-2.4186852, 47.4971402
-2.4106990, 47.4961543
-2.3968733, 47.5045623
-2.3890109, 47.5049682
-2.3830477, 47.5006194
-2.3863109, 47.4971402
-2.3936960, 47.5021850
-2.4032280, 47.4950525
-2.4128458, 47.4912829
-2.4263280, 47.4942986
-2.4423004, 47.4946465
-2.4486551, 47.4944726
-2.4605915, 47.4887310
-2.4700376, 47.4881510
-2.4824893, 47.4956324
-2.4930517, 47.4971402
-2.5018967, 47.4915149
-2.4983759, 47.4838589
-2.4944257, 47.4657584
-2.5026696, 47.4566479
-2.4808577, 47.4411504
-2.4673755, 47.4482322
-2.4538118, 47.4452139
-2.4471094, 47.4356353
-2.4613644, 47.4276227
-2.5532390, 47.3760346
-2.5062345, 47.3346347
-2.5463691, 47.2936680
-2.4213372, 47.2559320
-2.3849268, 47.2764339
-2.2914963, 47.2307596
-2.1994398, 47.2703773
-2.1843261, 47.2344896
-2.1649854, 47.1962448
-2.1773337, 47.1621744
-2.2288596, 47.1561048
-2.2475290, 47.1313522
-2.0853187, 47.1016806
-2.0179928, 47.0640417
-1.9878226, 47.0280143
-2.0221968, 47.0092892
-2.0592420, 46.9528402
-2.1278986, 46.9024307
-2.1801036, 46.9554180
-2.2158248, 46.9910259
-2.2247376, 47.0177164
-2.2515060, 47.0296525
-2.3098820, 47.0261421
-2.3011142, 46.9905576
-2.2571469, 46.9544806
-2.2361213, 46.9659623
-2.1848990, 46.9383084
-2.1615830, 46.9017270
-2.1416604, 46.8169783
-2.0550998, 46.7706739
-1.9798745, 46.7137378
-1.9661348, 46.6908995
-1.9472426, 46.6927834
-1.9063668, 46.6494362
-1.8696129, 46.6159596
-1.8388348, 46.5598046
-1.8153408, 46.4972106
-1.7950746, 46.4853923
-1.7844263, 46.4920108
-1.7600382, 46.4714434
-1.6521810, 46.4203458