-4.747504
-4.561459
-2.827946
-2.378472
-4.538014
-4.115259
-2.820353
-4.489342
-4.434549
-4.590632
-3.914513
-1.731424
-2.894815
-2.565155
-4.261590
-2.037015
-2.051436
-3.609567
-4.324822799999993
-4.339582
-1.554572
-3.2062879999999723
-2.283772
-3.350477
-1.600114
-3.528661
-4.28402600000004
-2.875182
-2.958374
-4.170043
-3.368586
-2.422716
-2.303372
-3.027136
-2.513905
-2.895497
-4.777884
-2.743184
-3.153080
-4.215988
-3.098799
-3.348881
-4.172444
-3.355281
-3.382770
-3.695354461669922
-4.497239
-3.834235
-3.044869
-3.438252
-2.543206
-3.382770
-3.695354461669922
-4.497239
-3.834235
-3.044869
-3.438252
-2.543206
-3.16951
-1.985413900000026
-4.366816
-3.227984
-3.157364
-2.103585
-2.342421
-3.309952
-2.850703
-3.101327
-3.972952
-3.356287
-2.916075
-3.448513
-3.537381
-2.087774
-3.968094
-3.982489
-2.142865
-2.243727
-2.978889
-4.377065
-2.792115
-2.026004
-2.021083
-2.823776
-2.826083
-4.118799
-3.821315
-3.584556099999986
-3.222445
-1.578612
-2.757655