48.473385
48.598080
47.615950
47.499937
48.022141
47.881507
48.601414
48.378955
48.391204
48.275669
47.868982
47.209759
47.543096
48.577449
48.359221
48.458328
48.631613
47.773053
48.096196
48.098328
47.226072
47.658465
47.575782
47.701531
48.835227
47.773214
47.7927005
47.34331
47.392547
47.841034
47.719113
47.275519
47.517541
47.587638
47.34693
47.582697
48.359877
48.525211
47.346544
47.795718
48.790105
47.724725
47.83416
47.743109
47.729160
47.814261187545
48.223283
48.586009
48.7801773
48.804844
47.381725
47.729160
47.814261187545
48.223283
48.586009
48.7801773
48.804844
47.381725
48.847875
48.5255014
48.335453
48.841945
48.706274
47.108260
47.261100
48.836333
47.598801
47.487057
47.899513
47.711868
47.548116
47.644258
47.771126
47.645879
48.720652
48.726089
48.624422
48.643369
47.666111
47.817416
47.486381
48.637809
48.649795
48.648240
48.645411
47.874145
48.701326
48.770126
48.786871
47.194965
47.651435